2022-11-30 05:06:54.247180 5 [92.27244046522132, 41.99350753473412, 58.00649246526588, 0.7239449542631752, 75.1073985680191, 708.0859188544152]
2022-11-30 05:07:54.245301 6 [96.34849740908554, 37.86558035635711, 62.13441964364289, 0.6094139218411646, 71.70842824601367, 676.0113895216401]
2022-11-30 05:08:54.243702 7 [96.15712169376046, 38.46888874312432, 61.53111125687569, 0.6251941165588112, 71.72108843537416, 676.1111111111111]
2022-11-30 05:09:54.246142 8 [95.39231026326985, 38.37774720902755, 61.62225279097245, 0.6227903958527432, 72.50688073394495, 683.5114678899082]
2022-11-30 05:10:54.244383 9 [94.0109052038867, 30.560593299847454, 69.43940670015255, 0.4401044702442759, 73.70232558139534, 694.7837209302326]
2022-11-30 05:11:54.254977 10 [94.89976216517799, 21.996673282145437, 78.00332671785458, 0.2819966046026407, 72.77522935779817, 686.0366972477065]
2022-11-30 05:12:54.245056 11 [94.27026352906285, 19.94020792955717, 80.05979207044282, 0.24906644663793565, 73.23502304147465, 690.36866359447]
2022-11-30 05:13:54.243524 12 [97.23112223228085, 25.872508813207837, 74.12749118679216, 0.34902717465524763, 70.42035398230088, 663.8097345132743]
2022-11-30 05:14:54.245808 13 [98.18412871190614, 34.09226674804048, 65.90773325195953, 0.5172726335118932, 69.45969498910675, 654.7516339869281]
2022-11-30 05:15:54.244180 14 [99.409657689971, 35.76288092737661, 64.2371190726234, 0.5567323292774823, 68.37982832618026, 644.568669527897]
2022-11-30 05:16:54.254805 15 [100.5734904848097, 31.81681181611963, 68.18318818388036, 0.46663719699222944, 67.3157894736842, 634.5136842105263]
2022-11-30 05:17:54.244898 16 [102.14724143909505, 28.9168843219858, 71.08311567801418, 0.4068038386636127, 65.91991786447639, 621.3449691991786]
2022-11-30 05:18:54.251518 17 [102.50244785365064, 23.559596484183693, 76.44040351581631, 0.30820868808350765, 65.64212678936606, 618.721881390593]
2022-11-30 05:19:54.253967 18 [102.52356688256246, 21.603183852604584, 78.39681614739541, 0.27556200512005496, 65.66257668711657, 618.9100204498977]
2022-11-30 05:20:54.244035 19 [102.73554728767968, 16.108908825042214, 83.89109117495778, 0.19202168668239783, 65.4329268292683, 616.7378048780488]
2022-11-30 05:21:54.254666 20 [101.66976683997643, 14.67081332066844, 85.32918667933156, 0.17193194839418302, 66.45884773662551, 626.4300411522634]
2022-11-30 05:22:54.246742 21 [99.93107025138049, 12.602904163248914, 87.39709583675108, 0.14420277976730325, 68.13713080168776, 642.2573839662447]
2022-11-30 05:23:54.245227 22 [97.8987977692466, 14.731162407050189, 85.26883759294982, 0.1727613841456681, 70.13852813852814, 661.1471861471862]
2022-11-30 05:24:54.243658 23 [97.1048833994408, 14.390646704716147, 85.60935329528387, 0.1680966641002405, 70.72707423580786, 666.6986899563319]
2022-11-30 05:25:54.246098 24 [95.94631234785842, 13.666129371347441, 86.33387062865255, 0.15829394966118795, 71.84070796460178, 677.212389380531]
2022-11-30 05:26:54.244551 25 [94.68208352273913, 15.651244363842155, 84.34875563615785, 0.18555394499658656, 73.14157303370787, 689.476404494382]
2022-11-30 05:27:54.247046 26 [94.03990152344983, 16.9814254090965, 83.0185745909035, 0.20454971062532776, 73.78506787330316, 695.5565610859728]
2022-11-30 05:28:54.245415 27 [93.53201640838265, 15.568668918506411, 84.43133108149358, 0.18439445072208382, 74.21136363636364, 699.5818181818182]
2022-11-30 05:29:54.243873 28 [93.30522425502319, 16.190109652060627, 83.80989034793939, 0.19317659986007474, 74.6917808219178, 704.1187214611872]
2022-11-30 05:30:54.246424 29 [93.03831960664365, 17.821989431100132, 82.17801056889986, 0.21687053881838356, 74.837899543379, 705.4931506849315]
2022-11-30 05:31:54.244782 30 [92.5081567820755, 16.287859251444566, 83.71214074855546, 0.194569856962183, 75.3348623853211, 710.1811926605504]
2022-11-30 05:32:54.247313 31 [91.44004709195131, 19.504155065079626, 80.49584493492037, 0.24230014705539676, 76.35581395348837, 719.8116279069767]
2022-11-30 05:33:54.245675 32 [89.43009795901979, 19.363278927779156, 80.63672107222085, 0.240129790377225, 78.2541567695962, 737.7054631828979]
2022-11-30 05:34:54.244173 33 [87.6367389959621, 19.506669801232174, 80.49333019876782, 0.2423389584337359, 80.01456310679612, 754.3058252427185]
2022-11-30 05:35:54.246644 34 [84.2568451743191, 17.271473651932297, 82.7285263480677, 0.2087728914602588, 83.23173803526448, 784.6549118387909]
2022-11-30 05:36:54.244992 35 [82.55288222402086, 24.462017063451476, 75.53798293654852, 0.3238373082320643, 84.82051282051282, 799.6564102564103]
2022-11-30 05:37:54.247552 36 [83.87996553252627, 22.31300555000218, 77.68699444999783, 0.28721674339407793, 83.2286432160804, 784.6381909547739]
2022-11-30 05:38:54.245919 37 [85.93273485471406, 23.773064861702252, 76.22693513829775, 0.31187223805562986, 81.30882352941177, 766.5392156862745]
2022-11-30 05:39:54.244364 38 [86.96370849857547, 27.472755868626237, 72.52724413137376, 0.37879222073932495, 80.31400966183575, 757.1666666666666]
2022-11-30 05:40:54.246828 39 [88.89683162677622, 26.27612052030622, 73.72387947969378, 0.3564126129247391, 78.45754716981132, 739.6462264150944]
2022-11-30 05:41:54.245354 40 [89.54021584890053, 25.156772152484315, 74.84322784751568, 0.336126231804677, 77.84345794392523, 733.8504672897196]
2022-11-30 05:42:54.247764 41 [89.64281563783713, 24.279107823995353, 75.72089217600465, 0.3206394843785162, 78.10514018691589, 736.3130841121496]
2022-11-30 05:43:54.246286 42 [88.27454784951382, 22.03188140090713, 77.96811859909288, 0.28257551672105446, 79.44418052256532, 748.9406175771971]
2022-11-30 05:44:54.244629 43 [86.47155838746582, 19.829708105451033, 80.17029189454897, 0.24734484104827512, 81.21116504854369, 765.6140776699029]
2022-11-30 05:45:54.247093 44 [85.75073316505241, 20.54310515532626, 79.45689484467374, 0.25854402183076663, 81.93887530562347, 772.4743276283618]
2022-11-30 05:46:54.245654 45 [84.76855312566107, 19.771609812790786, 80.22839018720921, 0.2464415622282169, 82.93827160493827, 781.9037037037037]
2022-11-30 05:47:54.248002 46 [84.97187114683796, 17.638958727888813, 82.36104127211118, 0.214166290948311, 82.72481572481573, 779.8820638820639]
2022-11-30 05:48:54.246436 47 [84.48579588204855, 19.125122266028892, 80.8748777339711, 0.23647791257179823, 83.1679012345679, 784.0666666666667]
2022-11-30 05:49:54.244999 48 [86.15988512589334, 19.970501497125692, 80.02949850287432, 0.24953925578339636, 81.4867469879518, 768.1903614457831]
2022-11-30 05:50:54.247342 49 [86.92495087122583, 16.763697498731673, 83.23630250126833, 0.20139887278722204, 80.77088305489261, 761.4510739856802]
2022-11-30 05:51:54.245899 50 [87.04241851148257, 15.869845921739051, 84.13015407826094, 0.18863445687947203, 80.61757719714964, 760.0047505938243]
2022-11-30 05:52:54.248340 51 [88.88979531664383, 19.053238590913153, 80.94676140908685, 0.23537987510855862, 78.80510440835266, 742.9164733178654]
2022-11-30 05:53:54.246802 52 [89.04619585467488, 15.00822372346854, 84.99177627653147, 0.1765844224109094, 78.65046296296296, 741.4513888888889]
2022-11-30 05:54:54.245243 53 [87.97764301049732, 18.207676189297825, 81.79232381070216, 0.22260861827861933, 79.67757009345794, 751.1588785046729]
2022-11-30 05:55:54.247599 54 [86.01522564023821, 20.132604490056902, 79.8673955099431, 0.25207538522463135, 81.51789976133652, 768.5155131264917]
2022-11-30 05:56:54.246152 55 [86.60178869695268, 20.416580898789608, 79.5834191012104, 0.2565431484267442, 80.89573459715639, 762.6398104265403]
2022-11-30 05:57:54.248545 56 [86.32193637658897, 23.617185539491448, 76.38281446050857, 0.3091950160032661, 81.11137440758294, 764.6777251184834]
2022-11-30 05:58:54.247037 57 [86.73911931701517, 26.595641895409706, 73.4043581045903, 0.3623169329744001, 80.70283018867924, 760.8325471698113]
2022-11-30 05:59:54.245451 58 [87.60830289585614, 22.603048346176468, 77.39695165382355, 0.2920405502179728, 79.7953488372093, 752.2604651162791]
2022-11-30 06:00:54.247872 59 [90.38548257109692, 22.5666466854243, 77.43335331457571, 0.2914331579280379, 77.1685393258427, 727.4853932584269]
2022-11-30 06:01:54.246374 60 [92.32199622611151, 23.261860105176645, 76.73813989482336, 0.3031329680007771, 75.19650655021834, 708.8842794759826]
