2022-12-01 16:34:51.624891 5 [77.70997498015359, 31.087880399943035, 68.91211960005698, 0.4511235553392749, 82.20157068062828, 775.0235602094241]
2022-12-01 16:35:51.615004 6 [76.71579707160664, 28.26936625365842, 71.73063374634158, 0.39410450984758266, 83.21693121693121, 784.5925925925926]
2022-12-01 16:36:51.626515 7 [76.26978628073785, 22.68193848695226, 77.31806151304772, 0.2933588613460594, 83.60742705570291, 788.2864721485411]
2022-12-01 16:37:51.616492 8 [75.45365952031472, 23.703237283757293, 76.2967627162427, 0.31067159915962134, 84.55080213903743, 797.1844919786096]
2022-12-01 16:38:51.615790 9 [74.27765968337876, 30.998425333752138, 69.00157466624786, 0.44924228879830225, 85.9349593495935, 810.2330623306233]
2022-12-01 16:39:51.618191 10 [73.3582827515971, 31.471679357089812, 68.52832064291019, 0.45925070192634027, 87.13461538461539, 821.5384615384615]
2022-12-01 16:40:51.617168 11 [71.54536934840444, 29.44820170193609, 70.5517982980639, 0.41739831460460747, 89.31179775280899, 842.0786516853933]
2022-12-01 16:41:51.616422 12 [69.75178173020146, 32.299603575094814, 67.7003964249052, 0.4770962251442984, 91.566091954023, 863.3218390804598]
2022-12-01 16:42:51.619740 13 [68.3631229470246, 35.46726056144293, 64.53273943855707, 0.5496010377060162, 93.39181286549707, 880.5409356725146]
2022-12-01 16:43:51.618016 14 [67.69011714035956, 42.638917622172535, 57.36108237782746, 0.7433422776320261, 94.53846153846153, 891.3550295857988]
2022-12-01 16:44:51.621045 15 [67.79889674452866, 39.90960702513336, 60.090392974866646, 0.6641595278271173, 94.69526627218934, 892.8372781065088]
2022-12-01 16:45:51.619981 16 [68.06592711800361, 46.59032906549219, 53.40967093450781, 0.8723200920414271, 94.32352941176471, 889.3323529411765]
2022-12-01 16:46:51.623462 17 [67.34194074611835, 40.610207704329184, 59.38979229567082, 0.6837910377283714, 95.41964285714286, 899.6904761904761]
2022-12-01 16:47:51.620906 18 [67.15145482564078, 41.328724783712595, 58.6712752162874, 0.7044115647965252, 95.78869047619048, 903.1666666666666]
2022-12-01 16:48:51.624073 19 [66.23878432130661, 40.358841675608716, 59.641158324391284, 0.6766944641835246, 96.85843373493977, 913.2620481927711]
2022-12-01 16:49:51.614920 20 [65.3401336264345, 31.560791956943692, 68.43920804305631, 0.4611507476399821, 98.02431610942249, 924.2492401215806]
2022-12-01 16:50:51.622085 21 [64.13611019451633, 32.1653963498268, 67.83460365017321, 0.47417386730385463, 99.76234567901234, 940.6265432098766]
2022-12-01 16:51:51.616358 22 [64.28100521577991, 32.53438208230941, 67.46561791769058, 0.48223647965400707, 99.57230769230769, 938.8492307692308]
2022-12-01 16:52:51.616460 23 [63.67959188469608, 34.6802077282502, 65.3197922717498, 0.5309295471113902, 100.45820433436532, 947.2074303405573]
2022-12-01 16:53:51.617909 24 [64.17669924803423, 34.59143498084598, 65.40856501915401, 0.5288517638434101, 99.7361963190184, 940.3957055214723]
2022-12-01 16:54:51.617450 25 [63.94381084504105, 40.734602368672924, 59.26539763132708, 0.6873252183689228, 99.99384615384615, 942.8246153846154]
2022-12-01 16:55:51.615937 26 [63.310420307118974, 42.5022387411308, 57.497761258869204, 0.7391981498162191, 101.0, 952.3219814241486]
2022-12-01 16:56:51.618526 27 [63.35260611447881, 39.11910488101375, 60.88089511898625, 0.6425514080329956, 100.87962962962963, 951.1543209876543]
2022-12-01 16:57:51.617983 28 [64.13858658715147, 41.13683684296239, 58.86316315703762, 0.6988553559926062, 99.6890243902439, 939.9115853658536]
2022-12-01 16:58:51.620260 29 [64.30460695556283, 28.250622906470056, 71.74937709352994, 0.39374032292494393, 99.34042553191489, 936.6231003039513]
2022-12-01 16:59:51.619095 30 [64.76895285712712, 24.547356132915528, 75.45264386708448, 0.325334605585956, 98.62462462462463, 929.8768768768768]
2022-12-01 17:00:51.621903 31 [65.96846727465545, 18.29020640253938, 81.70979359746062, 0.22384350268518857, 96.88200589970502, 913.4424778761062]
2022-12-01 17:01:51.620694 32 [66.69171228552747, 22.089928785391905, 77.9100712146081, 0.28353110760923106, 95.86046511627907, 903.8255813953489]
2022-12-01 17:02:51.623063 33 [66.71259814641522, 25.60335258214765, 74.39664741785234, 0.34414659088527466, 95.79651162790698, 903.2325581395348]
2022-12-01 17:03:51.622241 34 [66.19338341436669, 24.189107664419925, 75.81089233558008, 0.3190716652871705, 96.57309941520468, 910.561403508772]
2022-12-01 17:04:51.625029 35 [65.57341064731325, 22.779675305894997, 77.22032469410502, 0.294995849811986, 97.51917404129793, 919.4867256637168]
2022-12-01 17:05:51.615835 36 [64.40006439509666, 17.22132150068263, 82.77867849931737, 0.2080405463446079, 99.17065868263474, 935.056886227545]
2022-12-01 17:06:51.626634 37 [63.569282971562885, 24.003146312283086, 75.99685368771691, 0.31584394810495453, 100.6, 948.5272727272727]
2022-12-01 17:07:51.617577 38 [63.04001123763407, 26.568832404434133, 73.43116759556588, 0.3618195552979126, 101.71865443425077, 959.0672782874618]
2022-12-01 17:08:51.616384 39 [62.442426203414875, 30.80275378532568, 69.19724621467431, 0.44514421411749033, 102.75308641975309, 968.8364197530864]
2022-12-01 17:09:51.619191 40 [62.192815344501405, 36.344251565449845, 63.655748434550155, 0.5709500313678416, 103.18266253869969, 972.8854489164087]
