2022-12-02 13:44:37.705802 5 [82.63769217451724, 22.71192999244546, 77.28807000755455, 0.29386074707552506, 79.53670886075949, 749.8303797468354]
2022-12-02 13:45:37.708291 6 [79.2423980629334, 21.181834853986512, 78.8181651460135, 0.2687430596074699, 81.73316062176166, 770.5544041450777]
2022-12-02 13:46:37.707016 7 [78.8791414708359, 17.960563665671344, 82.03943633432866, 0.21892597594744698, 82.12467532467532, 774.2311688311688]
2022-12-02 13:47:37.706366 8 [79.54189270946712, 19.30508412675452, 80.69491587324548, 0.2392354452302633, 81.88601036269431, 771.9870466321244]
2022-12-02 13:48:37.708304 9 [78.86676819630682, 25.25551419446303, 74.74448580553698, 0.33789133636119195, 82.40259740259741, 776.8727272727273]
2022-12-02 13:49:37.708191 10 [78.36164349140097, 29.79027083611054, 70.20972916388946, 0.42430402724630345, 82.94778067885117, 782.023498694517]
2022-12-02 13:50:37.706750 11 [79.59502622895543, 29.332721990543728, 70.66727800945625, 0.41508209763815446, 82.46493506493506, 777.4805194805194]
2022-12-02 13:51:37.708916 12 [79.39121335596074, 35.597878961598326, 64.40212103840167, 0.5527438908475085, 82.68831168831169, 779.6025974025974]
2022-12-02 13:52:37.708213 13 [78.41803447355856, 34.08528965583358, 65.91471034416642, 0.5171120297405689, 83.36553524804178, 785.9791122715404]
2022-12-02 13:53:37.708343 14 [82.4432733067304, 39.43972031782288, 60.56027968217712, 0.6512473278657923, 80.89620253164557, 762.6708860759494]
2022-12-02 13:54:37.705894 15 [85.4576016154485, 42.40011455841484, 57.59988544158515, 0.7361145640022994, 78.92610837438424, 744.0689655172414]
2022-12-02 13:55:37.709110 16 [84.31309882307718, 39.07453462668759, 60.92546537331243, 0.6413497933460784, 79.69478908188586, 751.3151364764268]
2022-12-02 13:56:37.707712 17 [84.89693678249846, 42.245432871438084, 57.75456712856193, 0.7314647996131554, 79.36296296296297, 748.1876543209877]
2022-12-02 13:57:37.706586 18 [85.20210163867421, 38.30990610074839, 61.690093899251615, 0.6210057997855171, 79.07862407862407, 745.5061425061425]
2022-12-02 13:58:37.709167 19 [83.39766276622282, 33.73011835703076, 66.26988164296924, 0.508981116621766, 80.53, 759.1925]
2022-12-02 13:59:37.708082 20 [79.19645515947902, 29.893380202772768, 70.10661979722722, 0.4263988235238675, 83.45994832041343, 786.8630490956073]
2022-12-02 14:00:37.706464 21 [81.52799297327374, 31.02584804172043, 68.97415195827955, 0.4498184778043673, 81.90632911392404, 772.2101265822785]
2022-12-02 14:01:37.705629 22 [84.36906112841483, 31.88810913298146, 68.11189086701856, 0.46817242521191643, 80.29702970297029, 757.0123762376238]
2022-12-02 14:02:37.708712 23 [89.1126025530916, 35.52863174331456, 64.47136825668545, 0.5510761242395438, 77.29047619047618, 728.6404761904762]
2022-12-02 14:03:37.707651 24 [92.53777896929091, 33.15058881048187, 66.84941118951814, 0.49589948842630677, 75.08314087759815, 707.8129330254042]
2022-12-02 14:04:37.706140 25 [95.79699926319054, 33.58951543519609, 66.41048456480391, 0.5057863326146818, 73.0067264573991, 688.2174887892377]
2022-12-02 14:05:37.705117 26 [97.98290753712325, 35.35681387152598, 64.64318612847403, 0.5469534530871772, 71.7032967032967, 675.9076923076923]
2022-12-02 14:06:37.707591 27 [98.93897200794164, 35.46830571249752, 64.53169428750249, 0.5496261349419812, 71.52954048140043, 674.2757111597374]
2022-12-02 14:07:37.706760 28 [95.43320286876872, 39.427590261528714, 60.5724097384713, 0.6509166538323653, 74.06561085972851, 698.210407239819]
2022-12-02 14:08:37.705521 29 [92.4850796346996, 38.36212873134535, 61.63787126865466, 0.6223791954809775, 76.28837209302326, 719.1953488372093]
2022-12-02 14:09:37.708458 30 [92.75650655639856, 41.55291912219117, 58.44708087780882, 0.7109494349095538, 75.84295612009238, 714.986143187067]
2022-12-02 14:10:37.706764 31 [92.02284255843846, 38.002748069312794, 61.997251930687206, 0.612974718811727, 76.4906976744186, 721.1046511627907]
2022-12-02 14:11:37.705871 32 [93.53411127805818, 42.328874860133, 57.67112513986701, 0.733969985109096, 75.63073394495413, 712.9793577981651]
2022-12-02 14:12:37.705017 33 [95.73425795352689, 38.60141180347981, 61.39858819652019, 0.6287019447406053, 74.4176072234763, 701.5349887133183]
2022-12-02 14:13:37.707985 34 [97.18656383627864, 37.976946232969226, 62.02305376703077, 0.6123037149318246, 73.73660714285714, 695.1160714285714]
2022-12-02 14:14:37.706594 35 [101.48329022004359, 33.82267135473833, 66.17732864526168, 0.5110915180037272, 71.62987012987013, 675.2467532467532]
2022-12-02 14:15:37.705474 36 [103.58337831197647, 30.970373999659703, 69.0296260003403, 0.44865336514364185, 70.25, 662.2351694915254]
2022-12-02 14:16:37.708246 37 [105.2882328235223, 31.922022026241635, 68.07797797375837, 0.46890379203898275, 68.57851239669421, 646.4752066115702]
2022-12-02 14:17:37.707054 38 [108.99558095130948, 30.957743923107525, 69.04225607689249, 0.4483883592771046, 66.08946322067594, 623.0059642147118]
2022-12-02 14:18:37.706028 39 [111.8623638149624, 32.978438031437605, 67.0215619685624, 0.4920571389683025, 64.03076923076924, 603.5730769230769]
2022-12-02 14:19:37.705557 40 [113.18355738728572, 25.904588382441382, 74.09541161755861, 0.34961123525633664, 63.30550284629981, 596.7400379506641]
