2022-12-02 17:15:23.558908 5 [85.30851249323034, 24.534921937519645, 75.46507806248036, 0.32511623346107543, 79.67848101265822, 751.2025316455696]
2022-12-02 17:16:23.557696 6 [86.17517134315219, 30.995571996119043, 69.00442800388096, 0.4491823625344128, 80.08121827411168, 754.994923857868]
2022-12-02 17:17:23.560547 7 [86.92234494935448, 30.25801932611785, 69.74198067388214, 0.4338566102331713, 80.05852417302799, 754.7684478371501]
2022-12-02 17:18:23.558557 8 [85.9646587806954, 29.06172951270838, 70.93827048729162, 0.4096763187638568, 80.72448979591837, 761.045918367347]
2022-12-02 17:19:23.557776 9 [86.33341923461496, 27.531863601843366, 72.46813639815663, 0.3799168154480607, 80.38578680203045, 757.8553299492386]
2022-12-02 17:20:23.560699 10 [85.95323523205268, 21.65473329012474, 78.34526670987526, 0.276401296460137, 80.00251889168766, 754.2367758186398]
2022-12-02 17:21:23.559162 11 [86.42416294233233, 17.58989617525134, 82.41010382474866, 0.2134434415063666, 79.4175, 748.7275]
2022-12-02 17:22:23.558466 12 [86.67520249206942, 21.499339981385276, 78.50066001861472, 0.27387463973280196, 79.0, 744.789081885856]
2022-12-02 17:23:23.557207 13 [86.3021943402081, 24.12537769650987, 75.87462230349014, 0.3179637270550226, 79.2139303482587, 746.8084577114428]
2022-12-02 17:24:23.560299 14 [85.24582278363485, 23.803731375344178, 76.19626862465583, 0.31240022385612853, 80.11779448621554, 755.3383458646616]
2022-12-02 17:25:23.558409 15 [85.66899554957492, 27.11449102342361, 72.88550897657639, 0.37201484086689357, 80.0625, 754.8225]
2022-12-02 17:26:23.558127 16 [85.10704056964109, 28.928507728832027, 71.07149227116797, 0.40703391478621936, 80.54773869346734, 759.3869346733668]
2022-12-02 17:27:23.560524 17 [86.73140633478275, 26.642788461611893, 73.35721153838811, 0.3631924919565627, 79.2450495049505, 747.0990099009902]
2022-12-02 17:28:23.559780 18 [87.41978858985324, 31.57596620803929, 68.42403379196071, 0.46147478390479246, 79.38518518518518, 748.4197530864197]
2022-12-02 17:29:23.557769 19 [88.26186302699352, 36.93668541495182, 63.06331458504818, 0.58570796124486, 79.77475247524752, 752.0965346534654]
2022-12-02 17:30:23.557363 20 [87.49728071257353, 36.65500416805949, 63.3449958319405, 0.5786566671392361, 80.23383084577114, 756.4154228855722]
2022-12-02 17:31:23.559834 21 [87.20833446727396, 38.850974283707885, 61.14902571629211, 0.6353490317893439, 80.39303482587064, 757.9253731343283]
2022-12-02 17:32:23.558652 22 [85.10939790973127, 40.23470731425718, 59.76529268574283, 0.6732119179239839, 82.58567774936061, 778.6189258312021]
2022-12-02 17:33:23.557873 23 [83.36725845123246, 41.92909345754626, 58.070906542453734, 0.7220327002626223, 84.21298701298701, 793.9714285714285]
2022-12-02 17:34:23.560747 24 [82.35585059892361, 37.5853596841452, 62.4146403158548, 0.6021881964542481, 84.51948051948052, 796.8545454545455]
2022-12-02 17:35:23.559718 25 [82.77883873776847, 35.843675376370264, 64.15632462362973, 0.5586927802776362, 84.33678756476684, 795.1373056994819]
2022-12-02 17:44:04.970812 26 [83.25262612747335, 32.235422287770064, 67.76457771222995, 0.47569723557728766, 84.06309148264984, 792.5488958990536]
2022-12-02 17:44:05.318883 27 [83.35923898443461, 27.391916910267028, 72.60808308973296, 0.37725712819624546, 84.19087136929461, 793.7593360995851]
2022-12-02 17:44:05.759702 28 [85.33490742299307, 18.868646086323196, 81.13135391367682, 0.2325691015387134, 82.2603550295858, 775.5384615384615]
2022-12-02 17:44:06.084832 29 [86.71657691167715, 24.25575143514967, 75.74424856485032, 0.32023225386390236, 80.17021276595744, 755.8404255319149]
2022-12-02 17:44:06.410960 30 [88.67385333253156, 21.70835561283244, 78.29164438716757, 0.2772755098293805, 77.875, 734.25]
2022-12-02 18:43:35.622182 5 [101.75057750412647, 24.511745532013293, 75.4882544679867, 0.324709396246648, 74.13411764705883, 698.9011764705882]
2022-12-02 18:44:35.620563 6 [90.42437254993305, 22.951531829660965, 77.04846817033902, 0.29788433663495595, 75.7764423076923, 714.4038461538462]
2022-12-02 18:45:35.619723 7 [93.37261510983907, 16.178580938954347, 83.82141906104566, 0.1930124915586525, 74.32235294117648, 700.6870588235294]
2022-12-02 18:46:35.614715 8 [92.9888917810799, 15.39882329192589, 84.6011767080741, 0.18201665616379384, 74.59669811320755, 703.2759433962265]
2022-12-02 18:47:35.621043 9 [94.67844602832876, 18.304576454086476, 81.69542354591353, 0.22405877415886274, 74.09579439252336, 698.5560747663551]
2022-12-02 18:48:35.624547 10 [96.19808005862178, 17.660641453796845, 82.33935854620316, 0.21448602182013493, 74.00699300699301, 697.7132867132867]
2022-12-02 18:49:35.615095 11 [93.37705559623934, 16.907951926310513, 83.0920480736895, 0.2034845971219272, 75.15130023640661, 708.4940898345154]
2022-12-02 18:50:35.613769 12 [92.37503393857367, 19.3294955487701, 80.67050445122989, 0.23961044597726458, 75.52843601895735, 712.0497630331754]
2022-12-02 18:51:35.616210 13 [92.81558575035095, 18.37776830461308, 81.62223169538692, 0.22515640558810826, 75.29245283018868, 709.8278301886793]
2022-12-02 18:52:35.615498 14 [89.66870334931572, 19.221526920017922, 80.77847307998208, 0.2379535807886081, 76.53827751196172, 721.5861244019138]
2022-12-02 18:53:35.617884 15 [91.92601320062833, 24.49008041000499, 75.50991958999501, 0.32432931385679686, 76.32619047619048, 719.5761904761905]
2022-12-02 18:54:35.617010 16 [95.42933411041105, 19.26565180857463, 80.73434819142537, 0.23863017711983947, 75.14988290398126, 708.4918032786885]
2022-12-02 18:55:35.619020 17 [93.66526188938867, 22.581421613514106, 77.41857838648589, 0.29167962114705914, 76.02836879432624, 716.7825059101655]
2022-12-02 18:56:35.618989 18 [94.70090139881955, 22.48366888821929, 77.5163311117807, 0.2900507359642346, 75.84905660377359, 715.0754716981132]
2022-12-02 18:57:35.618000 19 [97.2145245158998, 20.38952870080472, 79.61047129919527, 0.25611616622863564, 75.04186046511627, 707.4604651162791]
2022-12-02 18:58:35.620334 20 [93.91828429517244, 17.00659614062184, 82.99340385937815, 0.20491503360239777, 74.94199535962878, 706.5266821345708]
2022-12-02 18:59:35.619334 21 [91.41030608679138, 16.87584957052579, 83.12415042947421, 0.203019814137456, 75.78220140515222, 714.4355971896955]
2022-12-02 19:00:35.622427 22 [94.77256260687642, 22.35624388522649, 77.64375611477352, 0.28793356998570935, 74.14645308924486, 698.9954233409611]
2022-12-02 19:01:35.620361 23 [91.9441355422849, 26.580845210950415, 73.41915478904959, 0.3620423755534017, 74.95381062355658, 706.6189376443418]
2022-12-02 19:02:35.624115 24 [91.8009467674354, 26.081376628961433, 73.91862337103855, 0.3528390470429156, 74.95842956120093, 706.6581986143187]
2022-12-02 19:03:35.614733 25 [92.43247690301096, 27.81940212471939, 72.18059787528061, 0.3854138500319431, 75.35879629629629, 710.4328703703703]
2022-12-02 19:04:35.613590 26 [95.2033057166451, 17.460308675289394, 82.5396913247106, 0.21153833258959806, 74.85550458715596, 705.7018348623853]
2022-12-02 19:05:35.616494 27 [99.26613308137479, 19.23226127922904, 80.76773872077096, 0.23811810982747122, 73.87782805429865, 696.4864253393665]
2022-12-02 19:06:35.615019 28 [101.18270287548759, 17.160740849580588, 82.83925915041941, 0.207157101905271, 73.54157303370786, 693.323595505618]
2022-12-02 19:07:35.618072 29 [101.23238525676389, 16.389698576874327, 83.61030142312568, 0.1960248713125811, 73.36465324384787, 691.6711409395973]
2022-12-02 19:08:35.617028 30 [99.73656060216013, 16.29077576408236, 83.70922423591765, 0.19461147696423609, 73.86261261261261, 696.3738738738739]
2022-12-02 19:09:35.615883 31 [102.0350653036722, 14.786517006697185, 85.21348299330282, 0.1735232088548628, 72.55629139072848, 684.0463576158941]
2022-12-02 19:10:35.617980 32 [100.05467358555285, 16.240518674278324, 83.75948132572168, 0.19389469009630828, 73.25111111111111, 690.6044444444444]
2022-12-02 19:11:35.617668 33 [96.70113158805422, 18.523813874779243, 81.47618612522075, 0.22735249102492347, 74.65837104072398, 703.8665158371041]
2022-12-02 19:12:35.620714 34 [99.81589943994912, 19.188277180006978, 80.81172281999301, 0.23744422851556568, 73.6325167037862, 694.1781737193764]
2022-12-02 19:13:35.619222 35 [107.15491749184494, 16.25763008197667, 83.74236991802333, 0.1941386432924159, 70.47872340425532, 664.4297872340426]
2022-12-02 19:14:35.622220 36 [109.61489746076874, 14.930525868211909, 85.06947413178808, 0.17550979385486512, 69.12916666666666, 651.69375]
2022-12-02 19:15:35.620714 37 [109.37199955608143, 13.437866529113045, 86.56213347088693, 0.15523954863742517, 69.38830897703549, 654.1294363256785]
2022-12-02 19:16:35.621005 38 [112.52560598714635, 12.547941879570036, 87.45205812042997, 0.14348366578508998, 68.04703476482618, 641.4846625766871]
2022-12-02 19:17:35.614458 39 [111.35384964441063, 14.324562516559912, 85.67543748344009, 0.16719567401483834, 68.6020618556701, 646.7175257731959]
