2022-12-15 15:19:08.419918 5 219.28840627389908 615.2653631284916 98.57821115017846 -inf
2022-12-15 15:20:08.405533 6 204.0730670962294 627.7317073170732 97.13333924150551 0.014657112274757843
2022-12-15 15:21:08.426793 7 189.16670589384148 644.9290540540541 94.92477726864286 0.022737424555861717
2022-12-15 15:22:08.413326 8 174.64421828997177 645.9191176470588 94.14339748622557 0.008231568246991377
2022-12-15 15:23:08.400682 9 159.9719243389662 642.844 94.32447959913267 -0.0019234711912070157
2022-12-15 15:24:08.420036 10 144.62551580748206 647.6177777777777 94.05910535816945 0.00281341855360383
2022-12-15 15:25:08.406447 11 129.86895886706404 648.2338308457712 93.57997395422713 0.005093939625704762
2022-12-15 15:26:08.427348 12 115.14049037230018 656.8693181818181 92.16999872985087 0.01506706151751994
2022-12-15 15:27:08.413825 13 100.56181775985146 651.6645161290322 94.79659360100075 -0.028497286615446243
2022-12-15 15:28:08.400847 14 85.68354508912682 653.2121212121212 95.62133783713114 -0.00870014633228001
2022-12-15 15:29:08.421429 15 70.48696663755287 645.2477064220184 93.85493293067837 0.018472915631670264
2022-12-15 15:30:08.408335 16 55.68360484083333 685.6913580246913 88.32440341697675 0.05892635944651406
2022-12-15 15:31:08.428863 17 41.15172779948977 698.3389830508474 89.71143350090601 -0.01570381491716548
2022-12-15 15:32:08.415535 18 25.693158701905503 723.7428571428571 83.70121421905515 0.0669950200025526
2022-12-15 15:33:08.402130 19 11.002348758966546 705.6666666666666 85.88331060765577 -0.026070068504500356
2022-12-15 15:39:39.088546 5 219.23222889301684 720.2418300653595 84.08858952041493 -inf
2022-12-15 15:40:39.075087 6 204.51312188396673 724.8521126760563 84.41540630477411 -0.003886577075714143
2022-12-15 15:41:39.062406 7 189.55058072189414 722.655303030303 84.42069561282153 -6.26580890735381e-05
2022-12-15 15:42:39.083232 8 174.35397163972843 723.9341563786008 84.28899024977106 0.0015601075316236635
2022-12-15 15:43:39.070016 9 159.40079666808495 735.8538812785388 83.0566612069354 0.014620284798571373
2022-12-15 15:44:39.091025 10 145.1123758335058 735.7424242424242 82.63403203259253 0.005088444059771364
2022-12-15 15:45:39.077443 11 129.98131035624326 746.4857142857143 81.91671120174529 0.008680695026043468
2022-12-15 15:46:39.065242 12 115.22475170207281 746.2645161290322 81.23390719865034 0.008335344438002735
2022-12-15 15:47:39.086001 13 100.62735474191263 755.5373134328358 80.76512190824431 0.0057708081092253645
2022-12-15 15:48:39.072902 14 85.6273714363149 750.2456140350877 80.79437541365081 -0.0003622046833500187
2022-12-15 15:49:39.060745 15 70.86144666623231 761.3440860215054 79.56986803837671 0.015155849265556808
2022-12-15 15:50:39.081258 16 55.52445533136895 744.7837837837837 81.31901857639077 -0.021982574322863584
2022-12-15 15:51:39.067720 17 40.69302393082746 749.5925925925926 80.76548521819865 0.006806936038857126
2022-12-15 15:52:39.089211 18 25.721238656770975 748.2058823529412 80.96400208120876 -0.0024579418110817174
2022-12-15 15:53:39.076680 19 10.749743812969864 914.0 77.39078621906457 0.044133389781796824
