2022-12-15 14:05:39.702852 5 219.53184039451963 508.0599078341014 119.24737627928532 -inf
2022-12-15 14:06:39.722524 6 204.26968732053757 514.5563909774436 117.96932056400964 0.01071768415501564
2022-12-15 14:07:39.710577 7 189.4944037159998 509.0614973262032 118.72748956942125 -0.006426832008413894
2022-12-15 14:08:39.730997 8 174.87828816920026 509.7594202898551 118.91053327623062 -0.001541712938370047
2022-12-15 14:09:39.718129 9 159.99064983637214 513.3099041533546 117.74450987469152 0.009805888254074349
2022-12-15 14:10:39.704870 10 144.78468038373833 523.3333333333334 116.68674460003606 0.008983563444114454
2022-12-15 14:11:39.725852 11 130.37454056837046 525.3614457831326 115.04288984532515 0.0140877591567535
2022-12-15 14:12:39.713208 12 115.00005079682785 532.9587155963303 115.56396671312447 -0.004529413929882232
2022-12-15 14:13:39.733781 13 100.64607959393011 525.7760416666666 114.97469687258365 0.005099079386947868
2022-12-15 14:14:39.720349 14 85.5243864061597 526.4567901234568 114.79737620247222 0.001542258209281791
2022-12-15 14:15:39.708272 15 70.54313533547676 532.0676691729324 115.34809741020077 -0.0047973327086955056
2022-12-15 14:16:39.728982 16 55.66488136913164 524.6792452830189 115.21064640291213 0.001191619197669375
2022-12-15 14:17:39.716343 17 40.936414458133996 544.3066666666666 111.00193356564996 0.03653058956499169
2022-12-15 14:18:39.703254 18 26.170508103808295 572.5777777777778 110.26891959506307 0.00660361443301678
2022-12-15 14:19:39.723015 19 11.217530750000755 549.55 109.93083761419913 0.0030659770867934536
2022-12-15 14:26:21.219981 5 219.1573245240125 561.35368956743 107.98196859050131 -inf
2022-12-15 14:27:21.241140 6 204.6067505622087 568.3342541436464 106.6823059826982 0.012035922522692734
2022-12-15 14:28:21.228433 7 189.66293473368287 568.5253731343283 106.34864330465733 0.0031276290380804115
2022-12-15 14:29:21.248862 8 174.5131391576038 573.0490196078431 105.5063753464313 0.007919874970225841
2022-12-15 14:30:21.236923 9 159.8502086058276 584.6618181818181 104.61353534013249 0.008462427065351854
2022-12-15 14:31:21.223873 10 144.8314938473906 597.448559670782 102.90852589465864 0.01629817250636173
2022-12-15 14:32:21.244817 11 130.2809143273878 593.5590909090909 101.91945581346091 0.009611157798627652
2022-12-15 14:33:21.232510 12 115.21538916435428 597.7875647668394 101.14468469687343 0.007601798012005873
2022-12-15 14:34:21.220153 13 100.34647936246405 596.2662721893491 101.97843674166246 -0.00824316223129034
2022-12-15 14:35:21.241121 14 85.59928460990893 591.6551724137931 102.13627078018347 -0.001547719729425121
2022-12-15 14:36:21.227143 15 70.61803182952903 595.2100840336135 102.38044270382495 -0.0023906485108213162
2022-12-15 14:37:21.249577 16 55.77722219934179 602.5591397849462 102.02191694956053 0.0035018968935463042
2022-12-15 14:38:21.236760 17 40.77727449797203 580.6285714285714 104.10687872498444 -0.02043641050632981
2022-12-15 14:39:21.224522 18 26.151788140930034 590.1363636363636 102.38247714108638 0.016563762212613728
2022-12-15 14:40:21.244451 19 11.077194668891488 595.8888888888889 101.40657643299762 0.00953191146902937
