5 94.49255714504619 635.054347826087
6 94.06809012624767 659.1333333333333
7 92.74121819633902 647.7802197802198
8 94.52710915119557 634.7826086956521
9 91.27514737476805 657.685393258427
10 92.41247127698946 649.5934065934066
11 90.22435120063179 665.5113636363636
12 93.8518732381807 646.5164835164835
13 90.89015616389628 725.7777777777778
14 91.80150692276906 675.9310344827586
15 92.88690670597535 676.4022988505748
16 92.60219012973181 648.2333333333333
17 95.69018073772843 641.2391304347826
18 89.69514592558882 709.2650602409639
19 93.57862584676072 648.4615384615385
20 92.3647969001455 656.9775280898876
21 93.60078143862579 641.1630434782609
22 91.94435344851401 653.1444444444444
23 92.56325283456933 648.5604395604396
24 93.71123911403866 640.3260869565217
25 91.3015642161732 657.2134831460675
26 91.65163650343196 654.5168539325842
27 91.03868719673285 659.8089887640449
28 93.27748226506677 644.967032967033
29 92.95808421768335 645.4175824175824
30 92.26669720598572 657.2777777777778
31 95.86465660738921 626.0851063829788
32 89.82069207111697 676.816091954023
33 88.63899585488515 678.0930232558139
34 89.15316353453643 674.3563218390805
35 88.18033467475466 731.0
36 90.81101291166235 661.314606741573
37 89.84845101967308 668.4886363636364
38 90.3808179194104 664.2840909090909
39 90.1828045550887 666.1590909090909
5 94.49255714504619 635.054347826087
6 94.06809012624767 659.1333333333333
7 92.74121819633902 647.7802197802198
8 94.52710915119557 634.7826086956521
9 91.27514737476805 657.685393258427
10 92.41247127698946 649.5934065934066
11 90.22435120063179 665.5113636363636
12 93.8518732381807 646.5164835164835
13 90.89015616389628 725.7777777777778
14 91.80150692276906 675.9310344827586
15 92.88690670597535 676.4022988505748
16 92.60219012973181 648.2333333333333
17 95.69018073772843 641.2391304347826
18 89.69514592558882 709.2650602409639
19 93.57862584676072 648.4615384615385
20 92.3647969001455 656.9775280898876
21 93.60078143862579 641.1630434782609
22 91.94435344851401 653.1444444444444
23 92.56325283456933 648.5604395604396
24 93.71123911403866 640.3260869565217
25 91.3015642161732 657.2134831460675
26 91.65163650343196 654.5168539325842
27 91.03868719673285 659.8089887640449
28 93.27748226506677 644.967032967033
29 92.95808421768335 645.4175824175824
30 92.26669720598572 657.2777777777778
31 95.86465660738921 626.0851063829788
32 89.82069207111697 676.816091954023
33 88.63899585488515 678.0930232558139
34 89.15316353453643 674.3563218390805
35 88.18033467475466 731.0
36 90.81101291166235 661.314606741573
37 89.84845101967308 668.4886363636364
38 90.3808179194104 664.2840909090909
39 90.1828045550887 666.1590909090909
40 84.49975932578022 710.7142857142857
