2022-12-02 15:08:09.079129 5 [99.73791669111525, 41.81528707893219, 58.18471292106781, 0.7186644907169679, 64.2673469387755, 605.804081632653]
2022-12-02 15:09:09.077894 6 [99.1366332824729, 39.35786817300032, 60.64213182699969, 0.6490185451474682, 64.54713114754098, 608.4508196721312]
2022-12-02 15:10:09.076620 7 [99.45870469627694, 33.94359719263463, 66.05640280736537, 0.5138577904646341, 64.5480572597137, 608.476482617587]
2022-12-02 15:11:09.078677 8 [98.49200000280482, 29.289738240304644, 70.71026175969536, 0.4142218896013154, 65.03696098562628, 613.1047227926078]
2022-12-02 15:12:09.078446 9 [99.0154705812735, 32.507154393147864, 67.49284560685213, 0.48163852184427103, 64.78527607361963, 610.7259713701432]
2022-12-02 15:13:09.077209 10 [98.75982905331028, 47.2325189439462, 52.76748105605381, 0.8951065693996659, 64.9079754601227, 611.8997955010225]
2022-12-02 15:14:09.080140 11 [98.71628852829514, 56.4046392570883, 43.5953607429117, 1.293822055739252, 64.97551020408163, 612.530612244898]
2022-12-02 15:15:09.079193 12 [97.95251363026472, 55.05998830687888, 44.940011693121114, 1.2251885620961422, 65.23565573770492, 614.9590163934427]
2022-12-02 15:16:09.077924 13 [97.97768480447093, 63.696544628641725, 36.30345537135828, 1.754558732139181, 65.1922290388548, 614.5644171779142]
2022-12-02 15:17:09.077571 14 [97.58661426127341, 47.313521216999135, 52.68647878300086, 0.898020181076605, 65.61190965092402, 618.523613963039]
2022-12-02 15:18:09.078621 15 [97.20844609053519, 57.19235080268482, 42.80764919731517, 1.3360311036718138, 66.04742268041237, 622.6164948453609]
2022-12-02 15:19:09.078104 16 [99.02107022482518, 54.84864285462788, 45.15135714537212, 1.2147728511910236, 65.6441717791411, 618.8118609406953]
2022-12-02 15:20:09.077045 17 [98.45594831870584, 64.28601068404248, 35.71398931595753, 1.8000232378217844, 66.06584362139918, 622.783950617284]
2022-12-02 15:21:09.079978 18 [98.43229524659823, 67.9318665527308, 32.0681334472692, 2.118360479709043, 66.36494845360825, 625.5752577319588]
2022-12-02 15:22:09.079009 19 [98.62247084986251, 63.87780353006053, 36.122196469939475, 1.7683809339561893, 66.26283367556468, 624.6036960985626]
2022-12-02 15:23:09.077598 20 [101.66859266733026, 61.131655663916604, 38.8683443360834, 1.572787745609351, 65.05040322580645, 613.1673387096774]
2022-12-02 15:24:09.076936 21 [101.14861697977913, 60.08365149359864, 39.91634850640137, 1.5052391749702017, 65.4020202020202, 616.4767676767676]
2022-12-02 15:25:09.079245 22 [103.14284493202926, 66.41672789967086, 33.58327210032913, 1.9776729230330101, 64.62475049900199, 609.1696606786427]
2022-12-02 15:26:09.078235 23 [103.50835066559749, 59.20834434550042, 40.79165565449958, 1.451481764971444, 64.36111111111111, 606.7043650793651]
2022-12-02 15:27:09.077168 24 [103.4323302363669, 57.269505987847694, 42.73049401215231, 1.3402490963844362, 64.41188118811881, 607.1920792079208]
2022-12-02 15:28:09.079202 25 [101.13878397576491, 44.87026185838812, 55.12973814161189, 0.8139030470837676, 65.146, 614.126]
2022-12-02 15:29:09.079042 26 [100.62953256903401, 43.7657384123392, 56.234261587660804, 0.7782753285399678, 64.94422310756973, 612.2350597609561]
2022-12-02 15:30:09.077678 27 [97.53432483395544, 49.50360422750049, 50.49639577249952, 0.9803393582886225, 65.96767676767676, 621.8707070707071]
2022-12-02 15:31:09.076518 28 [96.26104531710955, 47.75882874997163, 52.241171250028366, 0.9141990427702307, 66.5020325203252, 626.9044715447154]
2022-12-02 15:32:09.079487 29 [96.35085820299605, 39.35842058225468, 60.64157941774531, 0.6490335667401397, 66.42190669371196, 626.1683569979716]
2022-12-02 15:33:09.078249 30 [95.89085616782049, 42.39040583724721, 57.60959416275279, 0.735821983357323, 66.64097363083164, 628.2535496957404]
2022-12-02 15:34:09.076882 31 [97.01776643430419, 30.630517734957046, 69.36948226504295, 0.4415560954877206, 66.25, 624.5645161290323]
2022-12-02 15:35:09.079730 32 [96.43732460520575, 33.38308168025588, 66.61691831974412, 0.5011201737076105, 66.61133603238866, 627.9716599190283]
2022-12-02 15:36:09.078931 33 [99.8099494119517, 48.55689922369228, 51.443100776307716, 0.9438952646893188, 65.51388888888889, 617.6269841269841]
2022-12-02 15:37:09.077615 34 [99.6688679130272, 64.96392810262091, 35.036071897379095, 1.8542012441606102, 65.51287128712872, 617.6138613861386]
2022-12-02 15:38:09.080343 35 [101.0256056746451, 66.82293268485947, 33.17706731514054, 2.014130183663474, 64.9078431372549, 611.8901960784314]
2022-12-02 15:39:09.079599 36 [99.21416122488384, 70.32637306876383, 29.673626931236164, 2.3699958630515185, 65.66930693069307, 619.0534653465346]
2022-12-02 15:40:09.078378 37 [100.63082383902076, 74.64071101679565, 25.359288983204358, 2.943328224471543, 65.11176470588235, 613.8098039215686]
2022-12-02 15:41:09.076865 38 [98.00652873207824, 62.44237932843034, 37.55762067156966, 1.6625754830017212, 65.83366336633664, 620.6356435643564]
2022-12-02 15:42:09.079959 39 [97.78678498732326, 68.65776659556875, 31.342233404431244, 2.1905830930945, 65.84584980237155, 620.7529644268775]
2022-12-02 15:43:09.079028 40 [97.39835830609324, 64.59218333187825, 35.407816668121754, 1.824235138170257, 66.0990099009901, 623.1524752475248]
