2022-12-01 15:42:36.085765 5 [83.61900094522993, 51.68166928681936, 48.31833071318064, 1.0696079215485241, 76.3373786407767, 719.6432038834952]
2022-12-01 15:43:36.076462 6 [83.13504173971685, 64.01860143121964, 35.981398568780364, 1.7792138154064427, 76.8048780487805, 724.060975609756]
2022-12-01 15:44:36.087364 7 [84.28943432249417, 66.41640816505425, 33.58359183494574, 1.9776445739179096, 75.79616306954436, 714.5395683453237]
2022-12-01 15:45:36.077558 8 [84.96926017195933, 65.88152084556319, 34.1184791544368, 1.9309629994746085, 75.31428571428572, 709.9880952380952]
2022-12-01 15:46:36.078243 9 [85.43707066465981, 50.771989031889454, 49.22801096811056, 1.0313638116473782, 74.88652482269504, 705.9574468085107]
2022-12-01 15:47:36.080079 10 [85.9459307914961, 43.656511328753126, 56.34348867124688, 0.7748279767246973, 74.46009389671362, 701.9319248826291]
2022-12-01 15:48:36.079008 11 [86.2164119230531, 49.07855303265634, 50.92144696734367, 0.9638090815473255, 74.19626168224299, 699.4322429906542]
2022-12-01 15:49:36.081866 12 [86.65484332485136, 45.45902693851943, 54.54097306148058, 0.8334839733657914, 73.8491879350348, 696.1438515081206]
2022-12-01 15:50:36.080442 13 [85.87797122273263, 48.995053412198274, 51.004946587801726, 0.9605941519388996, 74.42657342657343, 701.6013986013986]
2022-12-01 15:51:36.083473 14 [85.92686377467837, 46.19261954800646, 53.807380451993545, 0.8584811072380507, 74.38837209302325, 701.2325581395348]
2022-12-01 15:52:36.082149 15 [85.53361066460285, 50.96255532860709, 49.03744467139292, 1.0392579725578, 74.74065420560747, 704.5607476635514]
2022-12-01 15:53:36.085068 16 [84.98428187697188, 62.09353226808208, 37.906467731917914, 1.6380722336678768, 75.15222482435597, 708.4332552693209]
2022-12-01 15:54:36.084201 17 [83.41945818473268, 60.22139339344249, 39.7786066065575, 1.5139140993318503, 76.57040572792363, 721.8210023866349]
2022-12-01 15:55:36.082815 18 [82.82066596415429, 60.49336831143616, 39.50663168856384, 1.5312206008427551, 77.16786570743405, 727.462829736211]
2022-12-01 15:56:36.077420 19 [82.03567836841081, 57.13668450681168, 42.863315493188324, 1.332997315989045, 78.07021791767555, 735.9878934624697]
2022-12-01 15:57:36.076497 20 [81.28003068857929, 44.7538882006891, 55.2461117993109, 0.8100821350697719, 78.91931540342298, 744.0122249388753]
2022-12-01 15:58:36.078509 21 [80.60098760250489, 45.72955278917068, 54.27044721082932, 0.8426234744578565, 79.51842751842752, 749.6781326781327]
2022-12-01 15:59:36.079056 22 [80.20491966076563, 44.961096275168224, 55.03890372483177, 0.8168966536824975, 79.9283950617284, 753.562962962963]
2022-12-01 16:00:36.076933 23 [79.684315378052, 43.477745190455344, 56.52225480954464, 0.7692146277064917, 80.38213399503722, 757.8411910669976]
2022-12-01 16:01:36.079970 24 [79.26913538376182, 41.449019446107435, 58.55098055389258, 0.707913327052758, 80.60199004975124, 759.9129353233831]
2022-12-01 16:02:36.078673 25 [79.63566800115349, 59.006043995077825, 40.993956004922175, 1.4393839908496004, 80.13793103448276, 755.5172413793103]
2022-12-01 16:03:36.081447 26 [79.60679540335533, 56.47911719720621, 43.5208828027938, 1.2977475078603085, 80.3128078817734, 757.1748768472906]
2022-12-01 16:04:36.080649 27 [81.00074186404143, 66.8522519027849, 33.1477480972151, 2.0167961849692433, 79.00726392251816, 744.8377723970945]
2022-12-01 16:05:36.082724 28 [80.77536761014755, 61.94789956326174, 38.05210043673827, 1.627975823995585, 79.2953995157385, 747.5617433414044]
2022-12-01 16:06:36.081952 29 [80.6851645446162, 62.56973884843389, 37.430261151566114, 1.6716351135000276, 79.46601941747574, 749.1674757281553]
2022-12-01 16:07:36.075985 30 [79.59967947187765, 56.33261313922916, 43.66738686077084, 1.2900385662838068, 80.55147058823529, 759.4166666666666]
2022-12-01 16:08:36.083596 31 [78.9912310449011, 49.28122302274801, 50.71877697725199, 0.9716563758004507, 81.04187192118226, 764.0492610837439]
2022-12-01 16:09:36.086800 32 [78.3239694368312, 54.1102293504178, 45.88977064958221, 1.1791348831008035, 81.97512437810946, 772.8457711442786]
2022-12-01 16:10:36.076919 33 [79.40941657308298, 61.53356476750722, 38.46643523249277, 1.5996690204224995, 80.86764705882354, 762.3995098039215]
2022-12-01 16:11:36.076122 34 [79.48947906612963, 64.05345431022737, 35.94654568977265, 1.7819084721804455, 80.75794621026895, 761.3643031784841]
2022-12-01 16:12:36.079036 35 [80.28274915002183, 65.91059210421001, 34.089407895789996, 1.933462508521595, 80.13075060532688, 755.4624697336561]
2022-12-01 16:13:36.077297 36 [80.82907582681109, 68.54316257221116, 31.45683742778883, 2.1789591127701997, 79.5347721822542, 749.8393285371702]
2022-12-01 16:14:36.080660 37 [80.31206776703955, 61.110626014072395, 38.8893739859276, 1.571396496024485, 79.7764423076923, 752.1394230769231]
2022-12-01 16:15:36.080036 38 [79.37764829835665, 54.74852113446366, 45.25147886553635, 1.2098725280812928, 80.90267639902676, 762.7615571776156]
2022-12-01 16:16:36.082143 39 [80.5939115636035, 56.80070007115688, 43.19929992884311, 1.3148523278089617, 79.99759615384616, 754.2211538461538]
2022-12-01 16:17:36.081179 40 [80.38760799717191, 47.027452751002, 52.972547248998, 0.8877702733445868, 79.94484412470024, 753.7218225419664]
