2022-12-03 06:03:05.115540 5 [147.47907072072897, 33.99473840463802, 66.00526159536199, 0.5150307351713722, 51.46078431372549, 484.9575163398693]
2022-12-03 06:04:05.117717 6 [149.33558490556814, 34.030577035203834, 65.96942296479615, 0.5158537926482072, 49.694006309148264, 468.301261829653]
2022-12-03 06:05:05.121308 7 [157.31911103940166, 30.048335788603385, 69.9516642113966, 0.4295585548586259, 47.05059523809524, 443.36607142857144]
2022-12-03 06:06:05.111572 8 [164.36945320031518, 25.727474898980397, 74.2725251010196, 0.34639289379199006, 44.570422535211264, 419.956338028169]
2022-12-03 06:07:05.110859 9 [170.25851756731853, 19.287692881348818, 80.7123071186512, 0.23896842464179507, 43.042062415196746, 405.5386702849389]
2022-12-03 06:08:05.113325 10 [170.48827123876353, 18.524680432801663, 81.47531956719834, 0.22736554494300668, 42.92297297297297, 404.4175675675676]
2022-12-03 06:09:05.116713 11 [172.56206318676433, 26.758243231944547, 73.24175676805547, 0.3653413628059672, 42.44533333333333, 399.90933333333334]
2022-12-03 06:10:05.115381 12 [171.90280091003132, 27.370831301130668, 72.62916869886932, 0.37685728463468937, 42.532710280373834, 400.7316421895861]
2022-12-03 06:11:05.117594 13 [168.91990571458828, 20.21765592407225, 79.78234407592775, 0.253410151810423, 43.31886024423338, 408.1628222523745]
2022-12-03 06:12:05.121115 14 [167.80274053350715, 15.670276424874567, 84.32972357512544, 0.18582150824809293, 43.685792349726775, 411.6311475409836]
2022-12-03 06:13:05.110593 15 [165.6123110592593, 16.813025300572413, 83.1869746994276, 0.20211127236350984, 44.12258953168044, 415.76170798898073]
2022-12-03 06:14:05.113480 16 [161.93552491556707, 16.703549616954987, 83.29645038304501, 0.20053134965706765, 45.028129395218, 424.3164556962025]
2022-12-03 06:15:05.113638 17 [160.3958260472585, 19.437532854662614, 80.56246714533738, 0.241272810322413, 45.387005649717516, 427.70197740112997]
2022-12-03 06:16:05.116573 18 [160.34178210250857, 19.053899928278337, 80.94610007172167, 0.23538996828007494, 45.35825105782793, 427.4273624823695]
2022-12-03 06:17:05.115378 19 [158.6380230127366, 18.147274166128863, 81.85272583387113, 0.2217064121109503, 45.67988668555241, 430.4603399433428]
2022-12-03 06:18:05.117116 20 [161.04737200606502, 18.03563107903221, 81.96436892096779, 0.22004233444928548, 44.95688456189151, 423.62726008344924]
2022-12-03 06:19:05.121324 21 [164.77720440568646, 18.07281993813669, 81.92718006186331, 0.22059614311745965, 43.98639455782313, 414.46666666666664]
2022-12-03 06:20:05.111937 22 [163.57894488131706, 17.735982119747433, 82.26401788025257, 0.2155982965184703, 44.28317373461012, 417.2681258549932]
2022-12-03 06:21:05.114447 23 [166.20093470795916, 19.94401087672825, 80.05598912327174, 0.24912578178277303, 43.61911170928668, 410.9946164199192]
2022-12-03 06:22:05.113004 24 [165.5395187904151, 22.130149774904087, 77.86985022509592, 0.2841940714016164, 43.74293405114401, 412.16823687752355]
2022-12-03 06:23:05.116495 25 [161.7943806566793, 19.75846849535477, 80.24153150464524, 0.24623742997989687, 44.65432098765432, 420.77366255144034]
2022-12-03 06:24:05.115444 26 [156.13823317296752, 21.34532615492506, 78.65467384507494, 0.2713802640256149, 46.01412429378531, 433.6172316384181]
2022-12-03 06:25:05.118422 27 [152.1874025427802, 23.615551579909035, 76.38444842009096, 0.30916701067252284, 46.895114942528735, 441.94109195402297]
2022-12-03 06:26:05.120468 28 [145.46257227460933, 20.70942230121602, 79.29057769878399, 0.2611838998057095, 48.585438335809805, 457.89895988112926]
2022-12-03 06:27:05.111805 29 [142.33801682565627, 17.901103291011957, 82.09889670898805, 0.21804316511664126, 49.30375939849624, 464.6872180451128]
2022-12-03 06:28:05.114702 30 [140.17263686206408, 20.977417013493554, 79.02258298650645, 0.26546103937244836, 49.76024279210926, 468.9939301972686]
2022-12-03 06:29:05.113521 31 [140.21291810048422, 20.345552712188127, 79.65444728781188, 0.25542268391712575, 49.71104387291982, 468.52042360060517]
2022-12-03 06:30:05.116469 32 [140.70056557367286, 23.70094627336473, 76.29905372663526, 0.31063224398929806, 49.54819277108434, 466.9789156626506]
2022-12-03 06:31:05.118644 33 [142.39942579793455, 23.092212031960006, 76.90778796803998, 0.30025843470567987, 49.07886904761905, 462.55059523809524]
2022-12-03 06:32:05.118159 34 [145.39135107003656, 32.47196086497407, 67.5280391350259, 0.48086633761191644, 48.41727672035139, 456.29428989751096]
2022-12-03 06:33:05.112815 35 [146.65275691412106, 41.08163433646547, 58.918365663534544, 0.6972636439216695, 49.34128166915052, 464.9925484351714]
2022-12-03 06:34:05.115755 36 [140.81901528837315, 36.409413739660465, 63.59058626033953, 0.5725598061103024, 53.50080775444265, 504.23101777059776]
2022-12-03 06:35:05.114675 37 [135.0543164210434, 32.303701365697734, 67.69629863430227, 0.47718563669490177, 57.27461139896373, 539.8186528497409]
2022-12-03 06:36:05.117548 38 [129.91578451840087, 34.38476895918517, 65.61523104081483, 0.5240363923704958, 59.915162454873645, 564.7292418772563]
2022-12-03 06:37:05.111787 39 [124.02027927288083, 34.46107380405595, 65.53892619594404, 0.5258107784834078, 62.076350093109866, 585.1396648044692]
2022-12-03 06:38:05.115214 40 [123.37072268006153, 34.30076330415087, 65.69923669584914, 0.522087698871515, 62.14525139664804, 585.7914338919926]
