2022-12-02 11:43:38.208228 5 [65.64432545670228, 31.262646440045835, 68.73735355995416, 0.4548130648174853, 97.17592592592592, 916.2098765432099]
2022-12-02 11:44:38.206857 6 [65.40675384731816, 45.855268423561746, 54.14473157643826, 0.8469017592011894, 97.55108359133126, 919.7430340557275]
2022-12-02 11:45:38.205888 7 [65.04203198344274, 56.4607489198028, 43.539251080197204, 1.2967781374053684, 98.1055900621118, 924.9751552795032]
2022-12-02 11:46:38.208630 8 [64.6972763890933, 47.131393482110674, 52.868606517889326, 0.8914816672189508, 98.65625, 930.18125]
2022-12-02 11:47:38.207524 9 [64.43886274550832, 41.23448232273571, 58.765517677264285, 0.7016781941612822, 99.08125, 934.184375]
2022-12-02 11:48:38.205928 10 [64.23740898913496, 47.254475234598374, 52.74552476540163, 0.8958954422156946, 99.51724137931035, 938.3103448275862]
2022-12-02 11:49:38.204817 11 [64.33889646160604, 51.10259388590773, 48.89740611409226, 1.0450982566778717, 99.60188087774294, 939.1128526645768]
2022-12-02 11:50:38.207091 12 [65.7674036676705, 50.36611886515441, 49.63388113484559, 1.0147527800278096, 98.6439628482972, 930.0743034055728]
2022-12-02 11:51:38.206303 13 [68.68616763500883, 43.48098764656611, 56.51901235343389, 0.7693161263092094, 96.37462235649546, 908.6525679758308]
2022-12-02 11:52:38.204920 14 [72.10639668412585, 42.78389901772432, 57.216100982275684, 0.7477597788597627, 93.39766081871345, 880.5643274853801]
2022-12-02 11:53:38.204338 15 [76.50559944773231, 46.570367439963796, 53.429632560036204, 0.8716205822234507, 89.98876404494382, 848.4185393258427]
2022-12-02 11:54:38.202889 16 [79.5339707547994, 47.58210847210285, 52.417891527897154, 0.9077455633021663, 87.49046321525886, 824.8337874659401]
2022-12-02 11:55:38.204910 17 [83.30194480279475, 41.00618157740294, 58.99381842259705, 0.6950928533504773, 84.09424083769633, 792.7984293193717]
2022-12-02 11:56:38.204692 18 [86.0932612471695, 45.8886896955017, 54.111310304498296, 0.8480424783150549, 81.46075949367089, 767.9645569620253]
2022-12-02 11:57:38.204094 19 [89.0242785678994, 42.0302289573489, 57.96977104265109, 0.7250370012057712, 78.88235294117646, 743.6446078431372]
2022-12-02 11:58:38.203177 20 [87.01288694087664, 42.73750866887363, 57.26249133112637, 0.7463438574780042, 80.51870324189527, 759.0623441396509]
2022-12-02 11:59:38.205075 21 [83.81148880175316, 41.701326224818814, 58.29867377518119, 0.7153048864478943, 83.23136246786632, 784.655526992288]
2022-12-02 12:00:38.203822 22 [79.05373323963303, 48.3851766548677, 51.61482334513229, 0.9374279232020434, 87.22641509433963, 822.3477088948787]
2022-12-02 12:01:38.203055 23 [73.30998742824559, 52.60363002261848, 47.39636997738152, 1.1098662207194765, 91.9346590909091, 866.7698863636364]
2022-12-02 12:02:38.213739 24 [66.79616398401981, 62.042398897940224, 37.957601102059776, 1.6345184389055998, 97.24251497005989, 916.8502994011976]
2022-12-02 12:03:38.212607 25 [65.90646602637167, 44.58476834736295, 55.41523165263705, 0.8045580072070545, 97.55389221556887, 919.8233532934132]
2022-12-02 12:04:38.202625 26 [66.01224297468927, 41.732934296878675, 58.26706570312132, 0.7162353860328868, 97.21194029850746, 916.5940298507463]
2022-12-02 12:05:38.209883 27 [67.01845720901348, 38.433772449104914, 61.56622755089509, 0.6242671344014504, 96.28318584070796, 907.8407079646017]
2022-12-02 12:06:38.209338 28 [67.29203462418032, 46.21706502513098, 53.78293497486902, 0.8593258260585198, 95.93841642228739, 904.5894428152493]
2022-12-02 12:07:38.210879 29 [67.14071253090015, 49.69069308317481, 50.30930691682519, 0.9877037893868601, 96.19117647058823, 906.9794117647059]
2022-12-02 12:08:38.210794 30 [68.33486721485245, 48.888439490966796, 51.11156050903321, 0.9565045364311756, 95.40406976744185, 899.5494186046511]
2022-12-02 12:09:38.209431 31 [69.12011583453784, 61.9129083864278, 38.08709161357219, 1.6255614635685485, 94.64265129682997, 892.3602305475505]
2022-12-02 12:10:38.207977 32 [68.72876237179014, 62.12799907709188, 37.87200092290813, 1.640473108446502, 94.87896253602305, 894.5850144092219]
2022-12-02 12:11:38.211247 33 [70.36410040111979, 54.053794067863116, 45.94620593213688, 1.176458272696145, 93.79545454545455, 884.3551136363636]
2022-12-02 12:12:38.209499 34 [71.82291811865078, 46.509676081741446, 53.490323918258554, 0.8694969982386982, 92.6750700280112, 873.7787114845938]
2022-12-02 12:13:38.208580 35 [71.9891708340438, 35.85519090155012, 64.1448090984499, 0.5589726028573773, 92.90449438202248, 875.935393258427]
2022-12-02 12:14:38.207713 36 [75.24996598711098, 38.233094205698066, 61.76690579430195, 0.6189899544753479, 90.13623978201635, 849.8038147138965]
2022-12-02 12:15:38.205864 37 [77.09108647239252, 31.61553427960093, 68.38446572039906, 0.46232041073284313, 89.22043010752688, 841.1720430107526]
2022-12-02 12:16:38.209264 38 [77.94394974476795, 27.39124504047647, 72.60875495952352, 0.37724438403806804, 88.72, 836.4373333333333]
2022-12-02 12:17:38.207969 39 [83.53621166496521, 26.67540419196626, 73.32459580803375, 0.3637988576412117, 83.90931989924434, 791.0604534005038]
2022-12-02 12:18:38.206723 40 [88.44022479041921, 24.418921994074676, 75.58107800592532, 0.3230824782911975, 79.67303102625299, 751.0811455847255]
