65.44340425531914
67.30079555966697
69.41332303219444
70.42325211020862
71.47858807858806
72.27878787878787
71.76284584980237
70.21352283239423
69.41332303219444
70.19593172784661
70.68991877687529
70.1851332398317
69.65766071235916
69.65766071235916
68.93991877687529
66.82739130434783
65.63061855670102
66.10402281202018
66.99402281202018
66.54916183107673
64.76693404634581
64.53755260304683
64.9824135839903
65.40123711340206
64.32179502728926
63.87693404634581
65.00114457266159
66.0805866587744
65.65334393450196
63.70759494664771
63.482894757293614
64.1302982731554
64.95183673469387
63.69437990580847
62.04940493468794
62.48532330203488
63.96748032027438
65.39229449980554
64.33424021012851
63.673621653427475
64.11848263437093
64.32179502728926
63.902971497877495
63.45811051693404
64.76693404634581
65.18575757575758
64.3478640776699
63.24637892915504
64.13637892915504
65.64851485148515
65.86
64.14846153846153
61.86107836089143
61.442254831479666
62.69971166036507
63.6782713085234
62.514872615712946
61.25741578682754
62.33685787294034
64.80908009516256
65.8463761324586
64.97427242724272
64.52019079458967
65.66783747415123
66.31524099001302
65.25718670033598
62.31156022279462
62.09139943120526
62.929292929292934
63.68997668997669
62.26516251044552
62.710023491388974
65.90489528626077
69.22647936256183
70.17360274134467
69.65766071235916
70.1851332398317
70.1851332398317
68.98836049218491
66.56411806794247
65.8463761324586
66.79349951124145
67.46774193548387
66.57774193548387
64.55117647058823
64.55117647058823
65.67538699690402
66.53012889366272
65.42864374514787
64.30443321883209
64.99272537780092
66.09421052631578
65.88272537780094
64.75851485148515
65.47625678696902
67.05114619080302
67.48706455814995
65.87932262266608
66.12366030283081
67.80026940801133
68.92447993432712
66.89791446943148
65.00114457266159
65.73432535069364
67.51655313542454
67.961414116368
66.31978038777775
66.56411806794247
67.51124144672532
68.65888812628688
68.41455044612216
69.18014184397163
69.92926506117993
70.17360274134467
68.69026940801135
67.46774193548387
67.71739130434783
67.9516018306636
67.49752019801055
65.8558864694203
66.33941787858839
68.01602698376891
69.16367366333048
67.77168930360419
66.09508019842366
66.09508019842366
66.09508019842366
63.89549210630608
61.90995192865684
62.58419435289926
64.56362165342748
64.36421911421911
63.26273396570426
63.93697638994668
65.64851485148515
66.29591836734693
64.19686176357335
62.888038234161584
62.88803823416158
63.6782713085234
63.07995198079231
62.43254846493052
64.21477624966144
66.35612963312008
66.56761478163493
63.9951539225422
62.87094339622641
64.23434765154556
66.80680851063829
67.93101903695407
67.00353314898186
66.76433941997851
67.24787082914659
67.47257101850069
65.92953696277314
64.7577133946362
65.70483677341903
67.0136603028308
66.79349951124145
65.18575757575758
65.41996810207337
66.09421052631578
66.75482908301682
65.8463761324586
66.31978038777775
67.51655313542454
69.1581868640148
68.91899313501145
67.06160183066362
66.32842105263157
66.09421052631578
66.53012889366272
65.19443321883207
65.19443321883207
66.36625678696902
67.23836049218491
66.13687534367006
64.96505177553311
65.66783747415123
66.09508019842366
64.83762336953825
63.26273396570426
63.93697638994668
65.41913340818618
66.06653692404797
65.6124552913949
66.07604726100965
66.30074745036376
65.24269316068671
62.909426030597345
62.46456504965389
63.302458547741566
63.88937922918505
62.276238475857376
62.27623847585738
63.55899295488851
65.61699468915964
64.9824135839903
63.902971497877495
63.902971497877495
65.21179502728927
65.63061855670102
62.34684210526316
60.05945892769306
58.85040232391947
60.45641736151346
60.27157831686133
59.8984126984127
61.131313131313135
63.83774587985114
65.8558864694203
65.01799297133262
63.682297296501986
64.37058945547082
65.88272537780094
66.09421052631578
64.14846153846153
63.25846153846153
64.14846153846153
65.63061855670102
66.29123711340206
66.76464136872121
68.21655028454765
67.99185009519354
66.0063099175443
63.47495891560507
64.1632510745739
65.00114457266159
64.79783217974327
62.276238475857376
62.27623847585738
64.02258492450326
66.0805866587744
65.65334393450196
64.31764825967133
64.78124022928608
65.88272537780094
66.09421052631578
64.75851485148515
65.2319191068043
66.59532336212344
67.69680851063829
66.76932262266608
66.29591836734693
67.0136603028308
67.94114619080301
67.48706455814995
65.66783747415123
65.19443321883207
65.64851485148515
65.64851485148515
64.75851485148515
65.2319191068043
67.05114619080302
67.94114619080301
66.57774193548387
64.97
65.20421052631579
66.32842105263157
66.9890396093326
65.86482908301682
65.63061855670102
66.09421052631578
66.30996810207336
65.2084829535585
64.97427242724272
66.61590615583297
67.9516018306636
68.1858123569794
68.1858123569794
70.25332596859465
71.76911544227886
71.76911544227886
69.94079555966698
69.1581868640148
69.94079555966698
70.95072463768116
70.45673758865247
68.70673758865247
67.45761478163493
67.70195246179966
67.70195246179966
65.7562034739454
63.326923076923066
63.326923076923066
66.52179487179487
69.71666666666665
70.93919413919411
72.04307010818637
73.73830820342448
76.31456121870188
77.52613240418118
76.93477027793533
75.72319909245603
74.2261427425822
73.12226677358994
70.53505747126437
67.13184818481847
65.19443321883207
65.66783747415123
67.24272687798523
67.93101903695407
67.22823333833597
66.75482908301682
67.48800986104885
69.20072463768116
70.16811594202898
69.6741288930003
68.66419981498612
68.17021276595744
65.5977519068647
63.02529104777197
61.661886792452826
63.995153922542194
66.09421052631578
66.30996810207336
65.40151515151516
66.11925708699903
67.2669037665606
67.48706455814995
65.46049909325431
63.47495891560507
63.474958915605065
64.10954002077442
62.78985776128633
59.56785243741765
57.06352343308864
58.18380315336836
60.75840496137525
62.22543792840821
61.46475416772446
61.67623931623931
63.38777777777778
64.55117647058823
63.15379329301813
62.26379329301813
64.29035875791376
66.3483604921849
66.13687534367006
63.90699748585608
64.37058945547082
66.43946590833352
68.66934376614748
68.66934376614748
67.93616298811544
68.44094852515903
69.95673799884325
70.19593172784661
66.50118203309692
61.744425276340166
60.5967785967786
62.614919186347755
64.7316759431045
64.30443321883209
64.75851485148515
66.12191910680428
66.76932262266608
65.46049909325431
63.47495891560507
63.474958915605065
65.01799297133263
65.42864374514787
64.37058945547084
62.827555399743275
63.92904054825813
64.55117647058823
63.95285714285714
62.241318681318674
62.67723704866561
63.69437990580847
63.89378244501684
62.44072122052704
62.44072122052704
63.95285714285714
64.75851485148515
63.74137199434229
61.83422913719943
62.93571428571428
64.84285714285714
66.29591836734693
65.40591836734694
65.87932262266608
67.55593172784661
68.6801422541624
67.7526563661902
66.30074745036376
67.0339282283958
67.25862841774989
66.59800986104887
64.95637613245862
66.1531488801054
67.0431488801054
66.82739130434783
64.97
65.20421052631579
66.81195246179965
67.47257101850069
66.3483604921849
64.95637613245862
65.65916183107672
66.54916183107673
65.51186579378069
63.52632561613143
63.52632561613143
65.2378640776699
66.07575757575758
64.97427242724272
64.74489098394375
66.13687534367006
67.23836049218491
66.79349951124145
66.07575757575758
67.0431488801054
67.71739130434783
65.61833470057424
63.97670097198399
64.21091149829977
65.41996810207337
63.62198830409356
60.55595959595959
59.93382367362949
62.40604589585172
64.13637892915504
64.13637892915504
63.906997485856074
64.77910119107196
64.77910119107196
62.721099456800836
62.060480900099805
63.118535189776836
63.69437990580847
62.67723704866561
61.224175824175816
62.48163265306122
63.93469387755101
64.5330132052821
63.2755563763967
62.62815286053491
64.9043676942945
68.36590615583297
69.94079555966698
68.08340425531915
65.2319191068043
64.99272537780092
65.65334393450196
64.2826068607946
60.53523843974197
59.05308142150247
61.071222011071626
63.910137481566046
63.910137481566046
62.652680652680644
62.87284144427
63.69437990580847
63.118535189776836
60.56586006567314
59.35680346189956
61.19010500681659
63.96748032027438
65.6124552913949
65.39229449980554
64.94743351886208
65.63572567783095
64.5984296405349
62.26591530802056
58.853133353133344
58.65752895752895
61.21020408163265
63.49877551020408
64.09709483793517
63.24235294117646
63.902971497877495
64.11030987877442
64.11030987877442
63.44969132207338
65.02458072590738
66.33340425531915
66.12191910680428
62.81669666966696
60.52931349209686
60.95655621636929
63.334292765534414
64.10954002077442
64.10954002077442
64.1095400207744
63.714533085961655
61.21020408163265
59.19206349206349
59.79038281979458
62.73957280506704
64.53755260304683
64.53755260304683
64.53755260304683
66.17918633163708
67.48800986104885
65.81024844720497
62.1891874180865
60.88036388867473
62.78750674581759
64.55117647058823
64.3478640776699
63.89378244501683
64.32970081236377
64.5330132052821
63.07995198079231
61.626890756302515
62.706332842415314
64.61347569955817
66.29123711340206
66.52061855670104
66.99402281202018
66.76932262266608
65.05778416112761
64.1302982731554
65.05778416112761
65.66783747415123
64.6097831844742
62.03732232538145
62.68472584124325
63.0953766150585
61.84708808608872
58.78801182400494
58.37736105018969
61.05046375869064
63.25479812401571
63.25479812401571
63.69965910495916
63.90699748585608
62.58731522636799
59.4693515369236
59.05870076310835
60.58169541551477
62.21750208671966
62.420814479638
63.96384853536555
65.44600555360505
65.65334393450196
63.90699748585608
63.906997485856074
63.90699748585608
62.76546368341553
60.52262290449228
60.734108053007134
61.87564185544768
63.24637892915504
64.6097831844742
66.35612963312008
66.78337235739251
64.79783217974327
63.88937922918505
64.56362165342748
64.76693404634581
62.434419713831474
59.96219749160925
60.16953587250617
62.5020502050205
63.665448897830956
63.665448897830956
64.57390184838917
66.35612963312008
67.00353314898186
65.46049909325431
64.31285241369275
64.31285241369275
63.910137481566046
62.11215768358625
61.25741578682754
63.203164774681795
66.14879125222316
67.00353314898186
64.67026601889249
63.30686176357335
64.23434765154556
65.87932262266608
65.66783747415123
63.28729036168922
63.067129570099866
62.85979118920295
62.85979118920295
62.02189769111527
63.564931746842824
65.24269316068671
65.44600555360505
63.500256565750796
63.05539558480734
61.89199689199689
60.424963924963926
58.62698412698413
60.64512471655328
65.04622361765217
68.48583714422223
70.42325211020862
71.22345191040843
71.73939393939392
70.72946486137974
67.3979140592407
66.38798498122652
67.66458072590737
70.45673758865247
70.45673758865247
68.70673758865247
66.99402281202018
67.48800986104885
67.961414116368
67.51655313542454
65.24033830166496
62.85979118920295
62.64403361344537
64.18706766917293
65.86482908301682
66.52544763971784
66.76464136872121
66.76464136872121
66.10402281202018
64.11848263437093
63.89378244501683
64.78378244501684
65.62167594310452
65.18575757575758
65.41996810207337
66.09421052631578
66.53012889366272
64.98709483793516
65.22130536425095
65.9095975232198
66.54417862838915
65.00114457266159
63.87693404634581
63.66117647058823
63.457864077669896
62.248807473896306
61.62667155156622
63.61221172921546
65.94547885930484
66.78337235739251
66.30996810207336
67.0431488801054
67.9516018306636
67.49752019801055
65.64012889366272
65.64012889366272
65.64012889366272
65.42864374514787
62.72221099660986
61.269149772120066
61.916553287981856
64.62298603651986
66.30074745036376
65.44600555360505
64.32179502728926
64.55117647058823
64.75851485148515
63.176292629262925
60.52262290449228
59.91256959146867
59.91256959146867
58.89015235971757
57.08853292651919
58.45927000022656
61.03387180823345
63.65702970297029
63.04697638994668
63.69437990580847
66.0677132391418
68.49699363616413
68.72169382551823
65.92953696277314
65.21179502728927
64.98709483793516
64.58437990580848
63.2755563763967
63.729638009049765
65.67538699690402
65.27267206477731
62.26591530802056
60.32016632016631
61.802323338405806
63.91908009516256
64.52913340818617
64.08427242724272
64.97427242724272
64.76693404634581
63.15379329301813
60.50012356824749
61.35486546500619
64.35999057806016
67.73140223831467
68.41969439728354
67.47257101850069
67.72222038736464
68.4554011653967
68.01054018445323
65.13600602296255
62.45707625707625
62.45707625707625
63.47421911421911
63.08670097198399
60.75418663946965
61.19010500681659
64.00690354607406
66.78427885953184
65.13930388841132
61.58974377110926
59.91198235726537
57.71061879297173
56.39413189004414
55.12270331861558
58.11429995727104
62.73600929733595
65.91458072590737
66.76932262266608
66.06653692404797
67.0339282283958
66.59800986104887
63.99557312252964
60.55595959595959
61.91936385127874
66.50118203309692
71.56061355764473
73.96662106703145
73.69995440036479
71.34695562435499
67.15872033023734
65.67538699690402
65.91458072590737
66.33340425531915
64.23434765154556
61.107273671455765
58.990516914699015
57.91100208990117
58.65752895752895
60.77428571428571
62.85137199434229
63.04697638994668
61.83791978617309
61.42726901235784
60.48513774912567
58.74798745634754
56.91277824593427
58.257624441293146
60.992346189330014
61.16111989350195
59.291371994342285
58.68131868131867
59.20622038511946
57.78768437567436
55.35091775246706
55.17276929541952
59.09563430919363
62.78985776128633
64.7316759431045
63.30686176357335
62.659458247711555
60.71764006589337
58.21958923165043
54.87107438016528
55.603835958209885
59.97156195292744
63.747319528685026
62.83961937570185
58.920695734255055
56.94126843372683
56.76945376191216
57.24167189013618
57.06352343308864
59.78801322900701
63.010018552875685
64.5330132052821
62.514872615712946
62.514872615712946
63.14945372088229
64.31285241369275
61.76017728958905
59.60260153201329
60.237182637182634
61.532400932400925
62.07683593664901
61.03953989935297
62.751078360891434
65.27267206477731
64.8851539225422
60.14335064385368
57.0773219357197
54.72637853949328
54.30618181818181
52.83757983193276
55.38043697478991
58.070214752567686
59.538816738816735
58.09861446321623
59.89659426119603
61.62692729449936
63.46213650491262
63.24637892915504
64.58207460398569
63.9951539225422
61.70658249397077
56.87526452963845
56.142502951593855
55.97372924742192
57.22349155269509
58.95382458599842
61.62692729449936
61.138065530691
57.497747400517326
55.518320099989104
55.67844004001908
56.58403642215589
55.72454825218969
58.72639278446901
62.10851804836767
64.10954002077442
61.60521101644541
60.15214979195561
59.01061598951507
57.44738413939797
54.33033344815373
53.805431744352944
53.950127585024944
54.52432113341204
53.709302818393724
55.834188034188024
58.377045177045176
60.27157831686134
60.64474393530996
62.78609731876861
64.65577247924324
62.30482908301681
56.90861855670103
54.66577777777777
54.51867033976125
54.3830512921422
52.25816607634789
55.54644998495265
60.8440690325717
64.55117647058823
62.512654867256636
60.60551201011378
59.98337608778368
59.817563325790196
58.892888001114876
59.51502392344497
62.798800374882845
62.798800374882845
60.510228946311415
59.63812524109553
62.94334767823286
66.12191910680428
66.99402281202018
68.00395189003436
69.75395189003436
72.0060606060606
70.75693779904304
69.48034205436221
67.93101903695407
64.86499032882011
61.0442409407576
57.05767879070161
59.21525454827737
61.88835725677831
64.3000300030003
63.067129570099866
63.28729036168922
63.714533085961655
62.78985776128633
60.06536796536796
57.56103896103895
59.291371994342285
60.75840496137525
61.10515820812849
59.91926017907325
62.10420289593086
66.41935441108237
68.94094811496825
65.99532163742688
61.1646431713502
59.62160911562265
57.49672389982834
66.33432877283144
82.86683651276952
82.166324903167
74.02239543813661
55.96689304579212
58.79228987118895
60.34447444744474
62.286292629262924
61.0824278949634
68.03917620137298
87.75609927829606
86.83507879680127
78.69243246133644
56.858752627656614
57.155439897605916
56.789153350405364
59.341828474509065
60.46367721400486
67.23771730914586
83.58465608465607
92.99322751322751
106.92474393530995
87.1956798959011
75.941486347514
53.00545321359776
52.54123994208226
55.27805031289925
57.155439897605916
58.98363784345092
59.758885098690925
62.536260412148714
62.17666445255275
59.23880037488284
54.87107438016528
55.603835958209885
56.377749001688144
57.796285011133236
57.98819875776397
61.898496240601496
62.42339794440228
69.82080054180489
84.81027422601541
82.57979760932263
74.61731564684067
55.71754447979262
56.30127065318881
54.62518779066526
56.20221814341342
58.791099849942185
61.227866473149476
61.03953989935297
62.521696917592465
62.32609252198807
59.87167242086964
55.07686031578152
53.14779627637265
64.89987352766391
87.22962263160657
86.32402624946977
76.8415300546448
56.52921774233249
57.4348141244693
56.39387845195468
57.113252031141336
57.9427021709363
57.00586006567314
54.69613580522671
54.69613580522671
56.858752627656614
58.449103308916385
57.61965316912142
57.075218164873334
59.85259347833112
63.01455795064042
71.70163929035334
91.56337367482877
97.02559078261551
105.74791383161732
89.91434137824574
78.69858891692365
73.28276741590945
84.70767113863089
87.14185917281891
76.46795854460646
58.77205211185793
59.758885098690925
59.36387816387816
58.16001342957864
56.56966274831887
55.129460472718364
56.15187770446946
57.40164000974263
56.44856497441876
56.09547794243265
57.53568021803315
59.18243066132974
59.53551769331585
59.34360394668512
61.99727367145577
64.8851539225422
66.30996810207336
65.00114457266159
64.53755260304683
65.68519928260841
63.64667767927681
58.714059122575776
54.404447970704915
56.86179310344828
60.71496957403651
61.20383133784487
58.257624441293146
57.659305113562056
58.5344280240832
58.69454796411318
56.76548392470431
57.330563289783676
58.5344280240832
58.222329835889155
57.122715936275256
55.758731261945755
55.45703634669152
54.31548801870251
55.86431173768413
58.40716888054128
60.08325174306482
59.8984126984127
60.7040704070407
64.14368393361076
67.08931041115213
66.28365270252411
61.01584123010906
57.195091842046544
54.36043142050089
53.77670524710469
52.382247101159535
55.2169075227052
58.58891794183852
61.61918275898857
62.21750208671966
63.05539558480734
69.9015494309612
88.51592851592852
92.98895142797582
106.6812591202835
84.49155722326452
78.22055451323743
55.71754447979262
56.004583383239506
54.1763854373945
56.34033647158614
60.26320148536025
61.21627652068411
56.660230624832394
52.73736561105829
50.01652892561983
63.91921778605517
79.6413252240717
79.89027627302275
68.8771978021978
69.4069597069597
87.42780337941628
85.4443748079877
89.68247004608294
94.78641269841269
100.18262322472847
81.28300932511459
60.141246873007304
56.39387845195468
58.510635208711435
59.51502392344497
58.1440354767184
53.34217501160212
53.52032346864966
55.572651628294885
65.38488246378154
86.86547526547525
83.26951566951566
74.40734202045677
49.76118817430292
50.12078413389889
50.12078413389888
53.46779268090743
57.24859132151915
60.27885613866921
62.98528888720722
66.24006336912515
66.43946590833352
62.05695029727196
59.18241613578128
55.81040571664796
55.2169075227052
53.610892485111215
56.982902904244526
59.8175633257902
60.85849899830482
61.6963924963925
63.60353535353536
65.18575757575758
62.85324324324324
62.17900081900082
60.96994421522723
60.300614015462244
56.981266696114915
56.792940122318406
57.290455650268726
58.99666221628837
60.829963761205406
65.23106266230431
67.5184458398744
67.08252747252746
65.63061855670102
63.91908009516256
60.211972657146035
55.41716055205791
54.47502928882573
54.62213672684226
53.82709950599858
51.8836617927527
53.32690503599594
55.63297791048987
55.2058918001193
54.53656160035432
56.74089596567939
60.05355105252802
58.167138009049765
53.65673076923076
51.219964146023464
50.714282327841644
62.02377283733215
83.47763347763347
84.80401201712677
77.02636909929694
55.88460664718965
66.11666966613791
88.87405284370801
87.96845646157122
79.82452699654084
54.612723717852305
54.7574195585243
53.41749953970519
56.25215996125087
57.84251064251063
56.95195404463696
54.1172936230913
54.47038065507741
55.20622191179506
55.49802519048359
54.31548801870251
57.36230795493342
59.15863823016278
58.694424958647275
55.05410682847361
55.0541068284736
55.67844004001908
55.97024331870761
53.88210976478973
54.379625292740045
53.94547895127663
54.6936924863754
54.693692486375404
58.476353679323964
60.56280056577086
61.45398881677219
61.45398881677219
59.847973779178204
56.83773790912925
52.91502950925701
53.24961597542242
56.259851845471374
57.290455650268726
56.955869184103314
58.35325236167341
58.510635208711435
56.46129310344828
52.05367405582923
52.37672305764411
53.489223057644104
54.33684210526315
54.33684210526315
57.27470618293306
59.62564957915947
61.62667155156622
62.46456504965389
61.73180347160929
65.83114869626498
85.33231419743046
82.21947589069902
76.9785968636028
54.315466890128015
54.96250433105858
53.94008709930748
55.677237392085615
58.14303825788648
59.34690299218601
61.216578152660624
63.594314701825745
60.63543456184324
54.09307687470742
48.602502018810874
48.871604381015594
50.90154023276186
53.839439964554714
54.853134879808955
54.43293815849748
52.697891636565714
54.19252699654083
56.34777023978407
56.639573518472595
54.40909690177982
53.579646761984854
56.720823232573096
59.89343111249804
59.73604826546001
55.882871794871775
52.85260697772172
54.74714011753788
55.459140117537885
65.69120313648614
86.6171828171828
86.61718281718281
79.02786647314947
58.29380053908355
60.64474393530996
60.64474393530996
62.55188679245283
65.36868533171028
68.4351332398317
69.65766071235916
68.71053733357633
65.27092380700628
62.53626041214871
61.66415670693283
61.30456074733686
59.30353877493012
58.693485461906505
61.759514170040475
65.27267206477731
66.75482908301682
67.48800986104885
67.961414116368
68.42500608598276
67.45761478163493
67.9516018306636
67.9516018306636
67.2773594064212
65.41996810207337
65.18575757575758
65.18575757575758
63.97670097198399
61.504478749761766
61.07723602548934
62.946911185963955
63.90699748585608
62.536260412148714
60.858498998304825
61.6963924963925
62.26147186147186
60.65545682387788
57.982354115376936
58.78801182400494
62.07178827544281
63.90699748585608
61.17227573781921
56.95165718111818
56.176409925878175
58.5004809000998
60.11866271828162
59.39928913909496
59.60260153201329
60.147036536261375
61.246650435875274
60.843935503748575
63.60472293663782
65.28248435048171
64.52180058979795
62.14125347733595
63.08837685611879
65.79480960465679
67.24787082914659
66.53012889366272
67.0136603028308
67.94114619080301
68.1753567171188
68.1753567171188
67.70195246179966
65.95560601315377
62.23110732091314
60.51956885937467
62.26591530802056
65.74607632009646
66.78337235739251
64.45010522730314
62.66787744257222
63.576330393130426
64.78538699690401
63.44054080154514
60.027758846657925
59.20622038511946
60.148351648351635
60.32016632016631
58.853133353133344
57.38610038610038
59.08403361344537
60.16354843824321
60.86989764459242
59.52505144923355
60.52262290449228
61.08770226957164
60.394026861598924
58.148166877370414
57.95625313073968
60.2021131149682
61.83791978617309
61.46475416772446
61.25741578682754
61.25741578682754
61.630581405276175
61.032262077545084
62.06955811484113
63.4943722943723
64.51151515151516
64.51151515151516
65.90349951124145
66.79349951124145
67.46774193548387
66.07575757575758
65.8463761324586
64.95637613245862
63.15839633447881
60.38102102102102
59.17196441724744
60.96994421522723
62.66787744257222
63.05539558480734
61.82249515190691
62.901937238019705
64.3840942562592
66.06185567010309
65.837155480749
66.5399411793671
66.76932262266608
65.71126833298905
62.9504809000998
61.23894243856134
62.751078360891434
63.729638009049765
63.92904054825813
63.03904054825813
64.82126833298904
66.10402281202018
65.89253766350532
63.90699748585608
64.85412086463892
65.95560601315377
66.1589184060721
64.55117647058823
65.02458072590738
67.05114619080302
67.71176474750405
65.92953696277314
64.7577133946362
63.6782713085234
61.98033808117841
59.25584828526004
59.89042939042939
62.222943722943725
64.3000300030003
63.26273396570426
64.17118691626246
66.49519953730479
69.42926547137071
71.49677908298597
72.86146091278408
75.12387319929276
75.4093583636873
73.78954036570954
69.4146006066734
67.5451332398317
66.57774193548387
66.79349951124145
64.97427242724272
64.3000300030003
65.6920143627266
67.2669037665606
68.41455044612216
68.66419981498612
69.94079555966698
70.43478260869566
68.36590615583297
64.51684955205938
61.26207507014146
61.689317794413896
62.89837439818748
63.27861471861472
61.66547396528704
61.88123154104462
62.47955086877571
63.665448897830956
65.3070826264212
68.63863342856024
70.45786051255897
69.03638757555808
67.48706455814995
67.48706455814995
67.71176474750405
65.92953696277314
65.21179502728927
64.98709483793516
64.58437990580848
61.071222011071626
59.42624703995111
60.03630035297472
62.24063471829979
63.88560968942031
65.46049909325431
67.73671392701391
67.73671392701391
65.55177121015629
62.67723704866561
62.901937238019705
63.93923327531575
63.747319528685026
62.26516251044552
62.710023491388974
65.04329062147835
66.30074745036376
65.8558864694203
66.33941787858839
68.01602698376891
68.92447993432712
68.20673799884325
66.75482908301682
66.29123711340206
66.76464136872121
65.68519928260841
64.40244480357728
63.25479812401571
65.78614912595495
68.52081252081251
70.67838827838827
71.47858807858806
72.55778474399163
71.79219334614217
68.2573301510848
63.66822283558367
62.49639926744674
63.118535189776836
63.69437990580847
63.04697638994668
64.9043676942945
67.33364809131685
67.12630971041993
64.44737994453364
61.630581405276175
61.83791978617309
62.4479730991967
62.639886845827434
61.269149772120066
60.08325174306482
61.10039460020768
62.471131673915046
63.44969132207338
63.03086779266161
64.13235294117646
66.1589184060721
67.23836049218491
66.3483604921849
65.63061855670102
66.82739130434783
67.26330967169477
64.79108744947254
61.35147392290249
61.57617411225659
62.946911185963955
64.31764825967133
63.65702970297029
65.47625678696902
68.0610752688172
69.18528579513298
68.23816241635015
66.75482908301682
66.99402281202018
67.45761478163493
66.35612963312008
64.78124022928608
65.02043395828943
66.35612963312008
67.22823333833597
65.44600555360505
62.37997684547108
59.60260153201329
60.021425061425056
62.39916161059018
64.95183673469387
64.74035158617902
63.682297296501986
62.827555399743275
64.40244480357728
66.63232266139124
67.71176474750405
67.71176474750405
68.74402281202018
69.94079555966698
70.43478260869566
69.65217391304348
70.70750988142292
71.22345191040841
70.97380254154447
70.17360274134467
70.17360274134467
70.42325211020862
68.74664300502809
65.3561668145519
63.07995198079231
63.07995198079231
64.31285241369275
64.31285241369275
63.45811051693404
62.823529411764696
63.45811051693404
63.87693404634581
64.51151515151516
65.41996810207337
66.0805866587744
64.65577247924323
62.13417877535735
61.05473668924455
63.38800381933392
65.44600555360505
66.52544763971784
66.29123711340206
67.48800986104885
68.68478260869566
68.91899313501145
68.1858123569794
67.93616298811544
69.45195246179966
71.24046920821114
72.54545454545453
72.54545454545453
73.10993657505284
71.80495123780945
67.22313305599127
60.64233401007594
57.82553547081848
60.427972209337696
64.19218050962849
65.40123711340206
65.63061855670102
67.08252747252746
69.4558608058608
70.67838827838827
71.75758494379183
73.15366337516438
74.5183452049625
73.96662106703147
71.32141982864135
67.84421052631578
66.56761478163493
66.33340425531915
65.3162613981763
62.1891874180865
60.88036388867473
62.55812530251862
64.53755260304683
64.95637613245862
63.673621653427475
64.3478640776699
64.78378244501684
65.40591836734694
63.118535189776836
62.060480900099805
62.721099456800836
63.69965910495917
62.55812530251862
59.78074998906083
60.86019207517363
64.73638927247174
69.4931460292285
71.74525474525474
72.27272727272727
73.10993657505284
74.57214906136171
76.00072048993314
76.8984509466437
76.8984509466437
76.89845094664372
75.7152353255386
74.81750486882804
73.38893344025661
72.30973677485304
70.94505494505493
69.9127968805388
70.17360274134467
70.97380254154447
71.47858807858807
70.22946527157052
68.20673799884325
67.21842105263157
67.9516018306636
68.1858123569794
66.85011668214875
64.17118691626246
64.17118691626246
66.49519953730479
68.20673799884325
66.0653846153846
62.37063492063492
62.14125347733595
64.04839633447881
65.41913340818618
63.176292629262925
60.7040704070407
60.293419633225454
59.9338236736295
60.30698929207813
61.36504358175517
63.52261933933093
63.334292765534414
60.78161764143072
60.147036536261375
60.72288125229301
60.551066580478334
58.02368321333838
56.72846491812009
57.4348141244693
58.26426426426426
58.439202839202835
59.8099399129102
61.50787314025519
62.43254846493052
61.06181139122315
60.858498998304825
62.536260412148714
63.69965910495917
62.924411849719164
60.50012356824749
60.7074619491444
62.32060270247208
63.067129570099866
61.514944993844075
59.53551769331585
60.98857891780565
62.54076349406144
62.72221099660986
61.46475416772446
62.56623931623931
64.58437990580848
65.40591836734694
64.95183673469387
65.64012889366272
66.76433941997851
65.70628513030147
65.47207460398569
66.72119741100323
69.98333333333332
71.73333333333332
72.27272727272727
73.10993657505284
73.66166071298389
73.38893344025661
73.10344827586206
73.68113590263691
73.95386317536419
73.40213903743316
72.0060606060606
71.73333333333332
72.57054263565891
73.67441860465115
74.51162790697674
74.51162790697674
75.1029900332226
75.39519249560288
74.03051066580477
70.17769681299093
65.98946151887327
65.00114457266159
65.67538699690402
66.30996810207336
63.60353535353536
61.31615217596526
61.76101315690871
64.46744590544671
66.30074745036376
65.64012889366272
65.17653692404797
66.59800986104887
69.23800986104885
70.68991877687529
70.68991877687529
70.68991877687529
72.0546006066734
73.67441860465115
78.15441860465116
79.68757967269595
79.12309764309764
74.64309764309763
70.29334582942829
65.61694883193039
61.767892228156796
59.89821706768218
60.45283018867924
60.26450361488273
61.05473668924455
62.69971166036507
63.88560968942031
64.96505177553311
65.41913340818618
66.52061855670104
67.71739130434783
67.48800986104885
66.17918633163708
63.304652170146404
61.06181139122315
60.08325174306482
60.68157107079591
61.844969763606365
61.844969763606365
61.05473668924455
60.65202175711785
62.04940493468794
62.839638009049764
63.66117647058823
65.02458072590738
66.56761478163493
67.00353314898186
66.07604726100965
66.31524099001302
68.25265595599942
69.6741288930003
69.6741288930003
69.6741288930003
70.19007092198581
70.93919413919411
68.14703727644903
64.3763207655456
62.47955086877571
62.89837439818748
64.08427242724272
63.868514851485145
63.868514851485145
64.51591836734693
67.15591836734694
70.34764250527797
72.55172413793103
73.10344827586206
73.68113590263691
74.5183452049625
73.69995440036479
69.30840671332881
64.43381423343314
60.478258677877584
58.98363784345092
57.92367588827766
57.048552977756515
56.87673830594184
58.51254497714674
60.75840496137525
63.70759494664771
66.9024667415195
70.30567602796539
72.28505747126437
71.5194660734149
67.70560601315377
64.04846315601091
62.229236072012185
61.45398881677219
61.64959321237658
61.23894243856134
62.85208319188901
64.1095400207744
66.09508019842366
68.25265595599942
69.6741288930003
68.97134319438219
66.59800986104887
66.59800986104887
68.57739130434783
71.21739130434783
71.73333333333332
72.57054263565891
73.12226677358994
73.66166071298389
72.29697888318577
71.47858807858807
71.2058608058608
70.45673758865247
68.08340425531915
64.62186579378067
63.47421911421911
63.68997668997669
62.929292929292934
60.5967785967786
59.758885098690925
63.19849862526097
66.67865963733686
67.73671392701391
64.67026601889249
62.68472584124325
61.829983944484546
61.275370823487485
59.440161613074224
59.23684922015589
60.58169541551477
62.21750208671966
62.0180995475113
62.87284144427
63.910137481566046
64.10954002077442
62.276238475857376
62.49639926744674
63.118535189776836
63.89378244501684
62.0604809000998
62.060480900099805
62.89837439818748
63.87693404634581
63.45811051693404
63.45811051693404
62.85979118920295
61.6963924963925
60.65909645909645
62.33685787294034
63.0975416336241
62.33685787294034
60.854700854700845
61.25741578682754
61.630581405276175
61.630581405276175
62.93940493468794
65.27267206477731
67.21842105263157
67.21842105263157
68.20673799884325
68.69026940801135
68.69026940801135
67.0136603028308
67.0136603028308
66.78427885953184
66.56411806794247
64.53755260304683
64.76693404634581
65.21179502728927
66.06653692404797
64.7577133946362
64.31285241369275
65.00114457266159
66.30996810207336
66.53012889366272
65.40591836734694
65.87932262266608
66.56761478163493
66.78337235739251
65.00114457266159
65.24033830166496
67.66458072590737
71.56061355764473
74.57214906136171
76.62092954916659
77.83250073464589
77.52613240418118
73.9615624426921
70.16278195488721
66.53012889366272
66.53012889366272
65.64012889366272
64.18706766917293
62.04571428571428
61.028571428571425
61.626890756302515
64.25177554892925
67.9089184060721
71.5194660734149
74.28666389696717
75.7152353255386
76.592082616179
74.59047619047618
70.52190476190475
63.830175438596484
58.510635208711435
58.09181167929967
60.71496957403651
65.02458072590738
67.81673758865247
71.0084617265835
72.01839080459769
71.75758494379184
71.47858807858806
71.47858807858807
70.72946486137974
68.4773561453535
67.22823333833597
67.22823333833597
66.78337235739251
64.83762336953825
63.26273396570426
63.93697638994668
64.54702970297029
63.549458247711556
62.24063471829979
64.05986180229851
67.38144587859958
69.9127968805388
71.2177822177822
71.74525474525474
70.75693779904304
67.42538699690402
65.22130536425095
66.20962231046263
69.82016997780543
73.15366337516438
75.41607566167306
76.59929128277817
73.26579788541922
66.10477116986134
57.32221236320614
52.75210044747211
52.43459766040411
54.900398526204974
57.270922349821426
58.79228987118895
58.445536624435704
58.09244959244959
56.72846491812009
56.559691213948156
58.89220554646249
61.838412443014214
64.29575757575758
62.6826168224299
59.73640992587818
56.790203029326456
56.790203029326456
57.79459174405999
58.97712891584107
59.16545548963758
61.54319203880271
62.888038234161584
63.2755563763967
63.96384853536555
67.29539933750459
70.75693779904306
73.10993657505284
72.30973677485304
69.04760085252295
64.17300837262727
60.11866271828162
60.52931349209686
61.715211521152106
63.44554455445544
62.25964652540019
61.45398881677219
63.52286526963487
66.7776397515528
69.65217391304348
70.70750988142292
71.22345191040841
70.72946486137974
67.60525244013762
64.41038064526583
63.482894757293614
63.69437990580847
63.118535189776836
61.47356021865632
61.05473668924455
61.630581405276175
62.21750208671966
61.81478715459296
63.072243983478366
62.87284144427
62.11215768358625
60.65909645909645
61.48063492063492
62.64403361344537
62.26379329301813
60.86641011544803
61.72115201220674
63.77915374647787
66.5399411793671
69.01675008474744
70.4686590005739
70.4686590005739
69.16367366333048
67.2669037665606
65.28136358891135
65.03702590874661
64.6097831844742
63.64969688458207
60.16953587250617
60.5967785967786
62.3947583947584
64.09269162210339
63.25479812401571
63.69965910495916
65.48188688969009
68.4773561453535
70.45673758865247
72.0060606060606
72.8244514106583
74.25302283922974
75.7152353255386
78.54812657222296
79.81955514365151
80.78461538461538
79.77037037037036
79.77037037037036
79.44074074074072
78.49894179894179
76.35066593687283
73.19768687085029
70.492519697598
69.1581868640148
69.1581868640148
69.1581868640148
68.66419981498612
68.17021276595744
68.41455044612216
68.41455044612216
68.41455044612216
67.46742706733932
66.5399411793671
64.96505177553311
63.482894757293614
62.835491241431825
61.83791978617309
60.71764006589337
59.72006861063464
62.053335740724016
66.36848725587552
69.95087719298243
71.46666666666665
72.0060606060606
71.4901185770751
71.76284584980236
72.32732787940067
73.66166071298389
72.86146091278408
68.96542808104674
63.831885761297514
60.51030168499646
59.72006861063464
60.84034833091436
62.04940493468794
65.63179487179485
69.09333333333333
71.46666666666665
69.09333333333333
67.81673758865247
66.10402281202018
65.68519928260841
63.69965910495917
63.69965910495916
63.90699748585608
63.13175023061608
61.64959321237658
62.521696917592465
63.500256565750796
62.924411849719164
60.147036536261375
60.147036536261375
61.125596184419706
62.225210084033606
63.76824413976116
66.56040100250625
70.76926799758014
72.28505747126437
72.02425161045849
70.68991877687529
67.83843362836043
63.609149399076216
60.93021963318992
60.32016632016631
62.0180995475113
64.20304226436892
66.63232266139124
68.1753567171188
67.47257101850069
66.30074745036376
66.06653692404797
65.62167594310452
65.62167594310452
73.03834260977118
69.56427994926784
75.15297696653629
69.7590375725969
75.65734265734265
72.27272727272727
70.96774193548387
68.32774193548387
66.3483604921849
65.63061855670102
66.06653692404797
64.98709483793516
64.09709483793517
65.02458072590738
65.87932262266608
65.66783747415123
63.682297296501986
63.46213650491262
63.88937922918505
63.88937922918505
63.88937922918505
64.56362165342748
65.40151515151516
64.56362165342748
65.5310129577753
66.9229973175016
102.39565955562117
112.0398067128118
112.54459224985538
77.69406593406592
68.30505494505493
71.53252747252746
74.17252747252746
74.69999999999999
72.0
71.73333333333332
71.2058608058608
69.92926506117993
67.55593172784661
64.42626139817628
63.27861471861472
63.714533085961655
64.52019079458967
63.88560968942031
64.57390184838917
65.67538699690402
66.53012889366272
64.78378244501684
63.47495891560507
62.827555399743275
61.86746909985116
58.72629262926292
55.08597449908925
54.04503882657463
56.02281660435241
59.45579635362917
61.66013071895424
64.13235294117646
65.91458072590737
66.99402281202018
65.08687995487732
61.95980597478753
60.28204456094364
59.35736923626831
59.0042822042822
57.56407992868169
58.88376218816978
59.058700763108355
58.729958939329975
56.56600790513833
58.29634093844166
61.9724278949634
64.97427242724272
64.56362165342748
63.88937922918505
65.28136358891135
65.90349951124145
63.92407221071323
60.1995735184726
59.18243066132974
58.829343629343626
58.16001342957864
57.7797731091514
60.33244823325509
62.69971166036507
62.69971166036507
61.05473668924455
62.13417877535735
63.747319528685026
63.747319528685026
61.8776443682104
63.519278096800655
106.19186411233895
120.49253361933835
119.29576087169156
79.4399733954107
68.20575179653272
68.20575179653272
67.48800986104885
66.52061855670104
67.22340425531914
66.12191910680428
64.41038064526583
61.46475416772446
61.67623931623931
61.10039460020768
60.05945892769306
57.9427021709363
58.92126181909463
60.92228379150137
62.41690462592803
62.416904625928034
63.03904054825813
62.26379329301813
60.918947097659256
58.630375669087826
59.01061598951507
59.37690253671561
59.37690253671561
58.452227212040285
59.430786860198616
60.70221543162719
60.527276856688616
59.36387816387816
60.38102102102102
61.87564185544768
62.835728155339794
63.7257281553398
65.47207460398567
64.69682734874569
61.8650091669275
60.32197511119995
61.719358288770046
65.2689184060721
68.60046920821114
71.24046920821114
70.99613152804642
67.46126833298905
64.40244480357728
61.45681832603591
59.79038281979458
58.09244959244959
58.65752895752895
61.38201875344732
61.38201875344732
68.07713629413448
89.87305466148142
110.18536697379373
111.62739229024942
92.03555555555556
77.60941176470588
73.40213903743314
73.67486631016043
71.26885880077369
69.96387346353029
69.96387346353029
71.24046920821114
72.27272727272727
73.12941176470588
74.86435152374202
76.29292295231346
76.29292295231345
75.39519249560288
74.5183452049625
73.66166071298389
71.30866193697409
67.0997949419002
63.16992481203007
60.83665768194069
61.032262077545084
64.42273826802128
68.27179487179487
72.86274509803921
75.17819225251075
77.54856262288112
78.46793134598012
77.25636016050082
72.90660834683149
69.58123211434577
64.89496620824659
61.7770025188022
57.95625313073969
59.38106731027085
61.62692729449936
62.686889249672625
61.45398881677219
61.88123154104462
61.6963924963925
60.25619022079199
57.58308751229105
58.54317381218317
59.60313576735644
59.771909471528375
59.18498879008489
61.706582493970764
63.173615461003735
63.56113360323885
61.81478715459296
62.85208319188901
62.091399431205254
84.94537208822922
99.57300434298011
101.15522656520234
78.5045663010967
62.07895424836601
59.62160911562265
57.25434568851267
59.497186467435924
62.84453160017929
66.75482908301682
66.75482908301682
67.22823333833597
66.31978038777775
63.20181669833336
58.73482269942447
57.12168194609679
57.63720889702197
57.637208897021964
55.776286989846305
56.32072199409439
57.48249355586595
58.11764074587487
57.22645249487354
58.34673221515326
59.38766788766788
59.05308142150247
57.41727475029757
58.37736105018969
59.2368492201559
59.2368492201559
59.64749999397114
62.30116971874178
64.97427242724272
65.40151515151516
67.15151515151516
71.00432900432901
73.98029556650246
73.98029556650246
73.38893344025661
72.30973677485304
69.4582516263382
66.41696069135955
63.482894757293614
60.28395973774124
55.7138478220072
53.912228388808835
56.501110095337594
59.42624703995111
60.65202175711784
60.45641736151346
61.88123154104462
62.65647879628462
63.05148573109737
62.213592233009706
62.213592233009706
60.718971398583044
58.555020364391396
57.59493406449928
58.69454796411318
59.19206349206349
59.01061598951507
58.630375669087826
58.630375669087826
57.77088749912163
58.74944714727996
61.473936943198325
63.88560968942031
62.90705004126198
62.471131673915046
62.471131673915046
64.08427242724272
64.74489098394375
66.0805866587744
66.0805866587744
63.303211345316605
59.2327939224491
57.4348141244693
56.605363984674334
55.99157088122605
55.45703634669152
57.00586006567314
58.8021903409025
58.295789202922414
58.676029523349655
59.42255639097744
59.58836915297092
58.66369382829559
58.859298223899984
59.5529736318727
58.708704857169145
57.24167189013618
58.18380315336836
59.20622038511946
58.871633918954046
56.43486729574675
56.80115384294729
57.66064201291349
58.295789202922414
57.23582724774915
58.37736105018969
59.98337608778368
60.15214979195561
58.48571428571428
58.880721220527036
60.547156726768364
61.4383449777697
59.60313576735644
58.82788851211644
58.643049467464316
59.51817237798546
60.49673202614379
62.514872615712946
63.2755563763967
61.57762314905171
59.37803505693413
60.1995735184726
62.1048451267145
62.286292629262924
60.7040704070407
60.49673202614379
62.96895424836601
64.76693404634581
64.16861471861472
62.65647879628462
61.23166461675345
59.79146234115295
58.12502683491162
58.51254497714674
60.34775418756
60.694507434313245
58.729958939329975
58.33495200451721
57.653612291598556
57.181394163374534
56.25671883869921
58.87987673343605
60.92912521440823
60.58237196765498
58.29380053908355
58.29380053908355
59.76083350611651
60.2857352099173
59.91256959146867
60.11197213067703
61.25350593311758
61.81858529819694
61.42357836338418
62.04571428571428
62.04571428571428
61.85380053908355
60.45641736151345
61.05473668924455
62.69971166036507
63.88560968942031
64.52019079458967
64.74489098394375
63.37415391023639
58.8863963344788
54.37397449908926
53.33303882657463
53.753235547886106
53.8979313885581
54.404332526538184
58.25613580522671
61.54441971383147
61.89750674581759
58.951299849265865
56.91277824593427
58.46496282219006
60.394026861598924
60.394026861598924
57.819425053592035
57.439184733164794
57.60795843733673
57.290455650268726
56.57108207108206
57.27743127743127
56.970600852953794
55.52735760971055
54.32349287541102
56.524856439704664
59.2633179781662
59.932648177931185
58.19549788515305
56.72846491812009
55.43480150680962
54.9705882352941
54.6360017691287
55.42326404245909
54.426065162907264
53.05507671618069
52.892147654395785
55.53609697724419
56.74415636218587
56.42665357511787
56.07356654313175
55.91344660310177
66.91731031929426
87.22962263160657
96.55608926841802
107.59770208826811
86.29855678912281
88.6428040911166
89.41784037558683
88.96143011917658
77.29071618037133
55.99157088122605
56.447981137636305
56.13588294944227
54.30768500359726
56.789138824856906
58.83838730582909
59.79146234115295
57.62751130696131
57.819425053592035
57.98819875776397
67.15454545454546
91.3116883116883
100.34552289815448
116.19709989258861
90.43394199785175
79.9815714019405
54.0426272292301
53.40748003922118
55.532365255015485
57.122715936275256
57.4348141244693
56.72846491812009
57.262999452654626
57.262999452654626
55.557424539762636
55.022890005228106
55.51175176903646
55.945898110499876
54.210851588568104
54.55143996455472
54.40433252653819
54.549028367210184
53.10578512396694
56.19075663965337
60.787864077669894
63.92904054825813
60.416982922201136
56.42339317861139
63.962216708023156
84.87926739926739
92.9932275132275
101.98691172375382
90.88202926444099
105.58858197099369
85.34070421208028
75.25511048091693
51.97818740399385
52.260577673692424
54.72637853949329
54.72637853949328
54.17056277056276
61.45238095238094
84.72930402930402
84.86492307692305
77.94270085470083
55.439690821256036
57.423119392684605
56.716770186335395
59.291371994342285
71.17646516204414
92.4069233830684
102.6701732374656
107.31365149833518
84.81176470588234
74.13786407766989
58.688807473896304
58.99050238915055
56.82655135495891
57.214069497194025
57.214069497194025
55.32765645371577
52.297391636565706
53.61387853949329
54.87595837142605
55.317341482047354
