55.927748062015496
55.30429444299276
55.972816998330394
56.67415650450323
57.73798609251821
58.966467711301036
59.721756410256404
59.949902996601786
60.21474448844328
60.21474448844328
60.44845562567513
59.925477489886866
60.46212998651305
60.70161176910865
60.204459714100054
60.77012045378711
61.267272508795706
60.79407958896825
59.95660784449651
59.704924616648405
59.938635753880256
59.938635753880256
60.19031898172836
59.95660784449651
58.46328473387219
57.49293975903614
56.404058324205906
56.175911737860524
56.64910465768798
57.06946353718058
57.29761012352596
57.79476217853456
59.18194648086014
59.18194648086014
58.930263253012036
58.21160150602409
59.18194648086014
59.95660784449651
59.50568282677858
60.02866096256684
59.763819470725345
60.687937408270734
60.42309591642924
59.913276044634365
58.558965274093715
57.10233706896551
56.15552873563218
58.529969696969694
103.21932303030303
115.4721367557932
117.867225029838
79.89715664274124
73.9563984728066
76.9797066220107
78.28422111080238
80.46079199202842
82.29068902970458
85.34276066385873
87.9300052962595
88.944766380789
86.35752174838822
82.42151679942441
81.40675571489491
82.38621261144664
85.2308707336523
86.78120016835015
88.96614247604246
91.85821156695155
94.8639523076923
94.86395230769229
90.95712213225369
81.88685742637134
71.9553014823154
74.06140939360306
107.47817409948541
118.00951812800591
114.50811372549018
103.14641372549019
88.87911418439715
91.28917176015472
71.09059398237694
83.08960404040403
81.12887923300804
81.95668979767106
79.1120316754654
73.08151294219154
67.39827502710116
60.03563047551003
59.49897797888385
58.989158107088976
58.98915810708898
57.09215393296852
55.28461075115034
55.50738918252289
57.66923484848484
59.72846125815113
60.429800764323964
58.708331067354266
57.28706107480028
55.724986720142596
74.66115338680926
96.73335489510488
97.82223632993512
78.4456936942762
56.59627061735313
57.56661559218918
58.23513814752681
58.93647765369965
71.26381942585155
100.300657687991
101.32078787878785
89.78823524720892
61.979878603852285
59.81803293789034
58.28660995971318
58.823262456339364
60.46212998651305
60.947080596269146
61.22613989451476
63.49483377934271
65.40142042317834
64.58570862830653
62.57515138742535
61.994096410256404
62.2589379020979
61.50364920314253
60.429800764323964
62.175516513363654
64.03311844863225
64.55609658442052
62.81038083538083
63.10483437110834
62.839992879266845
62.31701474347858
61.45690046806402
59.77749383156326
74.2219225602369
75.6958273044919
75.6958273044919
65.21731610554592
63.743411361290924
83.8260719064846
94.30458310543058
95.77848784968558
86.99447680504684
73.62389651519177
72.42905106918238
65.80874862745097
67.3236419607843
78.57713529411762
84.1060909090909
82.59119757575756
71.62430568386567
66.09535006889242
68.62770907386754
70.18532560344059
69.8463149470041
68.8288492753623
67.8683190821256
65.47323080808081
64.53939245191643
65.17059800747197
66.30252328767122
64.6476198716837
61.08853312469576
60.79407958896825
63.38282136112015
64.61130297990297
88.56299487179487
89.58046054343666
104.53517678275288
80.8779384265885
78.34557942161338
65.40142042317834
65.10696688745082
65.39356832889226
106.6157362162162
114.04131901719899
111.259599144385
67.76873737223312
58.48555263598171
58.48555263598172
57.74891879837751
57.047579292204674
57.047579292204674
57.53252990196078
58.23386940813361
58.233869408133614
58.74368927992848
58.74368927992848
58.966467711301036
58.966467711301036
58.72698592870543
58.72698592870543
58.72698592870543
58.966467711301036
58.966467711301036
58.966467711301036
58.72698592870543
58.28660995971318
57.05812834093036
58.86861061735313
61.030456283315075
61.50364920314253
59.00853077176998
59.280341776554664
59.28034177655467
59.06274423893497
57.531321260757814
56.60720332321243
56.39460802783686
55.279779039891814
56.2038969774372
57.31872596538225
57.31872596538225
58.33885615617911
58.10514501894726
57.49570517220396
56.002382061579645
56.9727270364157
57.79476217853456
57.56661559218918
57.56661559218918
57.784213129808876
56.32758492468067
55.83043286967207
56.28135788739001
57.0850148281504
57.33048365531089
57.56419479254274
57.56419479254274
57.31872596538225
56.63408981043247
56.634089810432464
56.39460802783686
57.31872596538225
57.11096238126521
55.996133393320164
55.75665161072456
56.39460802783687
58.24607085338611
61.57144646314221
65.26141034052415
66.91631375651167
71.61770685995994
81.67635474728388
80.27958797524315
78.51024648469809
68.7716464846981
68.51350984075131
81.6541070083359
111.95197367500256
126.39640240367619
109.38991526702401
84.77289860035734
86.34467528019923
99.13420059288535
94.121685887003
81.71168792228116
75.53685096575943
89.13669706699062
99.97491835187056
108.5622497472194
105.41403005399822
92.3300512055846
85.92766211792807
74.48765252847646
79.50317775370169
101.93525211267604
127.7330515151515
143.08131291866027
115.30826847421582
90.8479826307061
71.71248789386401
67.67277233830845
64.58954303030302
63.65570467413864
63.94230611558008
63.67746462373859
64.94062761758413
75.25827950947603
111.67398463768114
119.81024039215683
110.40083250483289
81.01712560828119
72.55154521612432
111.32657771883288
109.55723622828782
116.29009548754708
101.89518146039777
95.40404310050658
92.45841717458066
70.52866533634537
79.76860208333332
71.97135698529411
69.8410382352941
65.53736399286987
70.9245515151515
71.25387615283266
68.36180706192357
66.98463130434781
66.33525877934272
65.78438847631242
63.19564670416052
62.28740269959257
62.022561207751075
60.82406964656964
59.9865979020979
60.25143939393939
60.25143939393939
59.476778030303024
58.21716605691056
58.21716605691056
58.72698592870543
59.21193653846153
59.21193653846153
58.95379989451476
59.205483122362864
58.98270469099032
59.24084133493708
59.49897797888385
59.721756410256404
58.966467711301036
59.23130920314253
59.45945578948791
58.98626286966046
59.53713317269076
60.01032609251821
59.78217950617283
59.23130920314253
58.758116283315076
58.758116283315076
59.02992728809976
59.263638425331614
58.823262456339364
58.28660995971318
58.77156056946928
58.77156056946928
57.77679008791831
57.531321260757814
57.531321260757814
57.29761012352596
57.54307895068646
57.76067648830616
57.53252990196077
57.78421312980888
67.47507489451476
105.34740822784809
130.65954999999997
139.2468813953488
99.00752722868216
70.482408079746
65.30358668439715
73.20579469721767
76.16708884615383
81.34591024150268
85.27880639534882
86.60433806201549
80.20194897435896
82.98667936651583
80.9424859528612
71.84840175327702
80.42537136112014
83.9844581081081
93.07854230769229
75.40478675213674
88.02889786324785
86.36039646464644
83.66622641044592
95.10218588757007
127.35987959386378
127.84483020361986
125.24574850427348
82.780752124183
88.14599934640523
92.16276197266784
100.40933983906862
118.15133383306262
97.85611214247253
98.32093914422589
70.62531908185582
79.71097065264325
80.19210737375639
84.06182447292227
66.0064097442401
67.55673917893797
90.25132066276802
90.95266016894087
80.43256757634828
71.03567283950616
90.19421544715445
89.13038585913948
75.60455252580614
54.88393556350016
76.77754848484847
90.97967348484846
94.11274833333331
75.55530499999999
63.34646070175438
62.272612262935816
59.77749383156326
57.784213129808876
56.3629431372549
58.30719126559715
59.25399959893047
60.42358636363635
60.69539736842104
60.44992854126055
60.44992854126055
61.31004281667511
62.33017300747197
62.084704180311476
88.49629405162737
89.04716435465767
99.42169591766722
68.32417881111786
73.19170493133643
64.6747753035955
65.8543362972922
67.68423333496835
107.36750984224486
129.86990418353574
132.55316666666664
90.08817028657616
68.01596877828054
56.14016470588234
55.70997187288708
54.670339193148514
55.8399259578544
57.43970555555554
58.702116666666655
58.95379989451476
58.708331067354266
57.44591995624315
55.80705242606947
55.10571291989663
55.10571291989663
56.24742839506172
56.948767901234554
57.98840058097312
57.06428264342773
72.00586342710997
97.47686408070474
96.43723140096617
80.57153267973855
53.49077819945181
52.92065705249841
52.28270063538611
53.25449804496577
67.96362363636362
86.03905545454543
108.74921337995336
113.9280347753022
95.45092669449411
82.09013005435266
88.08876487522004
108.28734265299781
119.65859833003734
94.34213766937668
88.93180433604334
91.99465029239765
91.99465029239764
78.6969635454097
54.71040588721928
54.90898741031541
55.14269854754726
55.34579328707739
54.95299466996417
54.49113694638694
67.60468552036198
94.30953594771242
92.8529077425842
80.60009401709402
54.08946068376068
67.79890261437907
88.6286859477124
89.66831862745097
96.35167156862744
94.45805490196078
104.14891666666665
113.0600539215686
102.61251369168355
89.50285984552971
66.11112455141206
57.85064470097584
60.22980410268524
55.77423547523426
57.26755858585858
58.529969696969694
58.30719126559714
57.04757929220468
57.275725878550055
56.434674721907626
56.919625331663724
56.25110277632609
55.85830415921287
55.13964241222492
55.13964241222492
56.37349218598058
57.343837160816626
58.48555263598171
58.48555263598172
58.23386940813361
57.53252990196077
57.10233706896551
57.354020296813616
58.05535980298645
57.84759621886941
57.84759621886941
57.60811443627381
57.81587802039085
53.91221979254274
58.9855492484527
59.41574208144796
64.11418944986902
87.84398711886668
104.47810999468366
103.68332085411072
76.13980570259557
66.44774620438768
71.16680672653959
80.52120809875227
81.37638981918238
82.59870385606763
79.0972994535519
79.54663222191348
80.43056553672315
79.99596499027507
76.77686456022194
74.28825230468088
73.06593826779563
72.04847259615384
70.30051875
66.9419081081081
66.9419081081081
66.62186022078416
64.76425828551555
62.69849464915192
61.224589904896916
61.47005873205741
60.21044675866494
59.41565761809199
59.1701887909315
59.1701887909315
59.1701887909315
59.925477489886866
60.16495927248247
58.74368927992849
57.988400580973114
57.06428264342773
56.024649963689164
56.024649963689164
56.70928611863895
57.11096238126521
55.34579328707739
54.88393556350016
54.098047223579215
53.899465700483084
54.846274033816414
56.49289722222221
56.89457348484847
57.94104585326953
58.40290357684676
90.03490925866495
88.26977514325594
92.61261642465382
101.81769744317236
110.5593140147217
105.10164374537877
65.3534384798723
57.0850148281504
58.43932559869105
57.55820774797785
58.05535980298645
57.81587802039085
58.02847331576641
58.02847331576641
58.51342392552251
59.90060822784809
60.42358636363635
61.47005873205741
56.59310259998194
55.33349062658947
60.480076045053664
66.40350454555019
77.01751789115535
80.39774436352936
88.92455625436757
87.31676851851851
87.31676851851851
86.78120016835015
99.1625399119399
98.62697156177154
130.88466526806525
120.6882678321678
109.24711538461537
93.51553076923076
86.66720413318025
101.00042567164178
86.74260606379863
91.92243130124776
88.51392130124775
86.78120016835015
86.78120016835015
86.78120016835015
114.1334409090909
133.4139015151515
131.9696176168464
114.9270676168464
85.66208276836157
85.21274999999999
73.3527298245614
81.84135626134301
81.40675571489491
78.74904811255573
75.7956088552613
72.44297606837605
67.58754871794872
62.05236153846153
58.966467711301036
57.50983950617283
57.06946353718058
55.927748062015496
55.927748062015496
56.59627061735313
57.49850430992261
58.95513251505081
58.95513251505081
58.270496360101035
57.275725878550055
56.82480086083213
56.18684444371982
55.724986720142596
55.50738918252289
55.10571291989663
55.567570643473864
56.95475494579944
58.44531264325594
58.68479442585154
60.29692753395965
61.525409152742476
61.28592737014687
59.925477489886866
58.930707008335894
58.02847331576641
57.77679008791831
57.09215393296853
56.46870031394579
55.29911354923992
54.45806239259748
54.66115713212761
54.88393556350016
54.68535404040403
66.62195995807127
84.67737468675344
85.28681453349674
73.14711387629936
65.6117917402098
89.18749107475304
90.47946724911341
78.50274645139261
54.31760727010606
54.08946068376068
54.08946068376068
54.49113694638694
54.71928353273232
54.91350062674941
55.77423547523426
55.10571291989663
55.50738918252289
55.50738918252289
55.29479388714733
55.29479388714733
55.996133393320164
56.426326226315425
68.94008671582591
91.16147527982852
92.08559321737391
79.77959631198046
65.82663139969975
92.97259581509553
93.85371366580873
96.53697614893963
91.61240029754646
90.32042412318609
79.3687379883333
56.0056339491656
56.0056339491656
55.766152166569995
55.55355687119443
55.55355687119443
56.03850748095053
56.46870031394579
56.87955863759296
56.634089810432464
56.63408981043247
57.28706107480028
57.287061074800285
58.21117901234567
57.77080304335342
57.77080304335342
101.75881687051391
110.22299227453439
109.0812767993693
106.63414141475393
109.68621304890806
110.12658901790032
67.44399510019014
58.089593727977444
58.089593727977444
58.30719126559714
57.04757929220468
56.82480086083213
55.78516818109356
56.52180201869776
57.94307201125175
59.433629708708246
59.18194648086014
57.76067648830616
55.51804408635793
53.918264488656796
52.308510661964824
52.676373289161866
53.10656612215713
53.48247017509345
54.268358515014384
54.49113694638694
55.50738918252289
55.30429444299276
55.08151601162021
54.86892071624465
54.868920716244645
55.55355687119443
54.74989993043404
54.35710131332082
53.45486762075134
53.264872637473744
54.498722411229394
54.4987224112294
55.08151601162021
56.0056339491656
56.223231486785295
67.80715366739287
92.35403638344226
91.923843550447
90.87183429118774
92.13424540229884
102.25529999999998
116.8412662162162
90.10785445151032
80.639771118177
56.58572156862745
57.50983950617283
57.97169722975006
71.49753056308339
91.62597439024388
90.3033818181818
75.91681363636361
64.55511363636361
89.46989803439801
89.46989803439801
78.54518649593649
53.03450874125873
52.831414001728604
52.831414001728604
54.51618879320219
56.5268267145505
57.98345491967871
57.10233706896551
56.15552873563218
55.0916991476172
54.88393556350016
54.44355959450791
54.24497807141178
53.84330180878552
54.06089934640522
54.060899346405215
53.67668726911053
53.67668726911053
54.0783635317368
55.07201545577478
56.49328544832876
57.354020296813616
57.14625671269658
56.89457348484847
56.67179505347592
56.46870031394579
55.29911354923992
55.08151601162022
55.08151601162021
55.766152166569995
55.766152166569995
66.2980650879183
92.34684069767441
91.9264818181818
91.4281616427432
90.1657505316321
99.51511181689855
114.59939820855338
88.28734639831616
89.78324420395879
85.58907676823037
95.14153279302698
109.21105810015227
89.1283975549586
79.18314291304878
54.268358515014384
54.49113694638694
54.68535404040403
54.4822593008739
54.259480869501346
54.45806239259748
54.25948086950135
54.94411702445113
55.567570643473864
56.60720332321243
56.607203323212424
55.78516818109356
54.94411702445113
53.219848189762786
64.46678354329813
88.45334120148856
89.71575231259966
78.46881695906433
66.06618148148148
87.91560455840455
89.87935517568849
79.58740916944129
57.966132678863595
59.258073874445145
58.589551319107514
56.714781544356335
54.068529578234134
65.02899813981898
88.52504440514785
101.43082939500584
112.76015987933634
130.8870886542651
126.2087415954416
103.0969074074074
63.12055555555555
56.24742839506172
57.73798609251821
59.45945578948791
58.98626286966046
57.69428669530009
56.434674721907626
54.94411702445113
54.745535501355
53.84330180878552
54.24497807141178
54.05076097739469
54.05076097739469
53.84766623786456
54.44355959450791
56.340563768628364
58.10573286281618
58.526091742308786
57.531321260757814
69.70657508791831
93.069679127086
103.68369247269115
111.63688247269114
130.95637235123365
127.90430071707951
106.42154611937835
63.11549858264544
54.868920716244645
53.68935972254795
53.89245446207808
53.89245446207808
54.26835851501439
54.065263775484254
54.28804220685681
54.4822593008739
54.28367777777777
54.28367777777777
54.08946068376068
54.28804220685681
53.427307358371955
67.13674928899036
85.41527584670229
97.35188176436952
105.92885137221266
87.0675312141099
84.48028658170912
86.57323131855125
86.95744339584593
86.95744339584593
88.08876487522004
99.33570022875537
116.09529601419601
101.50932979797977
115.57885510510509
99.3003960407776
108.76847937411094
83.45201871345029
83.45201871345029
88.56990159633315
88.18568951903848
78.35519151265889
66.55395568859953
89.03036221033867
102.1439107843137
108.82726372549018
86.73506928104572
83.95033888888888
87.93690029239765
97.223110838537
106.69119417187034
82.90773125321004
82.90773125321004
90.48219791987671
101.32745701078579
115.15308065268063
88.64244731934731
90.91073680241325
88.92119583931131
96.94499527433956
111.20281488218271
90.08052165725044
89.19658834244079
87.93417723132968
98.66467167577412
116.77302777777777
102.04489814814814
111.51298148148148
85.00234814814814
72.64972329749102
67.2393899641577
90.35122415219189
102.16828065268064
111.56517538952275
85.37259482024493
106.15934141115403
106.15934141115403
118.99112534029038
111.14258257713249
86.20536869135421
77.49396382320005
52.55674993742177
53.50740616500963
62.699947754276906
86.56385664680282
94.34697118105436
111.88784135649296
101.69144392059552
116.82158205128204
101.38681978713109
106.94849111580241
94.06883119677407
109.50359346092502
100.31269592625631
113.19235584528464
94.70552194697956
111.92994473417355
89.01669206923548
79.53626442907904
53.427307358371955
53.630402097902085
63.5756567398119
89.68461381051898
90.54534865900384
80.60009401709402
54.28804220685681
54.51618879320219
65.95734124075463
92.26939305099184
91.38827520027863
123.64596890657234
108.38227092677434
108.81246375976961
64.92362262264588
54.28612711585384
54.068529578234134
53.882620508575414
54.76373835928861
54.76373835928861
56.15589464836088
57.12623962319693
57.34383716081663
56.72038354179389
55.521891980612466
55.30429444299276
66.35264827343198
91.6008704956542
91.8184680332739
92.35403638344226
90.02854223139548
99.71940399610135
113.2533609530583
89.06822177177176
90.12023103103103
88.98890955165692
90.47946724911341
79.306403392153
65.85175865531089
88.54634013914095
89.19931140350876
78.87049322169058
65.41584848484847
86.24563181818179
86.45339540229884
89.2381257944557
89.2381257944557
99.87562130124775
109.47223065268064
87.98947605497949
87.47303514588859
89.67766161851506
88.68400969447707
79.21592636114374
53.899465700483084
65.53061313131312
89.58466268086266
90.84707379197378
91.93842061873193
90.80709913935782
89.16047595095202
78.54646260534687
54.361323424060316
55.3549753480983
56.886398326275454
57.70843346839432
58.36140473276213
58.089593727977444
58.30719126559714
56.850563060468936
55.83043286967207
55.40024003667681
55.594457130693904
94.86946947637293
105.50696498316498
106.54659766290354
65.70951096256682
56.671795053475925
59.16691348484847
60.48950605691056
60.48950605691056
59.16397439024389
58.261740697674405
56.874556395348826
55.70496963064295
55.28461075115034
55.50220828877005
55.50220828877005
55.70997187288708
56.39460802783686
55.75665161072456
54.95299466996417
54.95299466996417
55.590951087076476
55.78516818109356
55.32331045751633
54.4822593008739
65.21275374531834
89.26680329486788
90.55877946922826
80.22996128741008
54.91350062674941
54.24497807141178
66.18158398907902
88.27377843352346
88.0611831381479
76.9853120689655
67.23139980481457
88.7141544025157
98.69867864493995
111.67685712530711
89.98633894348893
91.07768577024707
88.8730592976206
89.08082288173765
76.94112222454027
65.07622339004143
87.57861773133232
88.41966888797477
88.41966888797475
90.62429536060122
101.36716638456637
113.2320652190652
89.6398733930929
78.46680953613249
55.75665161072456
55.52294047349271
65.14567489575526
91.25463196646234
90.58610941112471
80.96337498886216
63.73895220166818
86.0287512475835
86.68172251195132
77.20129487179486
53.51933953680727
52.25692842569616
63.1816399641577
89.06822177177176
89.67766161851506
78.94716717407061
63.381744061302676
84.86449865900381
85.4739385057471
85.47393850574711
86.49357824933686
96.614632847038
108.95578974358972
97.62645925925924
110.00779900284898
98.14777882741039
107.48756834863893
96.71401634089824
109.59367625992658
99.7183183885297
112.69649686889686
100.31515712530711
115.57885510510509
91.302027124183
81.61116535947713
63.93740980392156
94.93145906862745
93.89182638888889
95.28712288011694
87.43858011695906
95.01304678362573
111.2915058479532
86.91214957264955
96.24301430694908
83.87138541806019
95.84810621578099
100.06506803974705
86.32773985792886
74.16102407693047
54.0783635317368
55.16724496656703
64.83766759000108
92.90774994294225
100.25407002326352
117.47849281045751
101.28421452991452
110.1210923076923
92.01273620568864
104.41376011421255
96.02621510479636
115.39698231791112
98.48279888858013
116.96963278688523
89.19658834244078
93.1325932914046
88.47138303499435
98.70355730400019
110.55041430499324
88.04801996370236
88.54634013914095
90.87183429118774
90.26239444444442
79.93357626262625
52.85282178233951
53.46226162908281
53.06058536645655
66.5461432655467
87.05899664373564
87.05899664373564
75.86782872628724
74.94411327913278
82.51857994579944
86.51229084967319
67.13574821401428
61.05183924480411
55.735535768868274
56.637769461437756
58.40290357684676
59.96497793150445
61.496400909681604
60.95974841305542
60.258408906882586
59.721756410256404
98.24148005698005
106.26527949200829
103.94791643839524
65.42819279167159
102.09374668997668
111.92424469635627
109.81464522686025
65.3534384798723
55.31984573396258
64.94258015622512
85.54421690321307
85.15141828609984
76.4098017145505
54.71928353273232
56.404058324205906
55.31517688937567
53.9833029659307
58.919565470494405
76.1916447634237
85.95872020202019
80.35393514211884
64.1707372840198
54.94964742894733
63.87864983472119
82.58666991504248
93.20305626134301
106.56385290148447
93.93974179037335
110.21820085470085
96.85740421455938
111.37513199233716
95.59499310344825
111.16041621621619
97.90509954954953
113.68523843843843
87.61670307328605
79.18150155813453
52.4766511307841
62.979763383168546
84.67028156498672
85.68653380112266
75.93549625322996
53.84330180878552
54.985017283950604
55.80705242606947
57.06946353718058
55.71515276663993
54.508905547226384
66.16193118825203
90.86895200216938
107.42277022603616
108.64633791834386
92.61608780382255
101.76294231791113
88.44597301558554
79.76920231618948
54.65132317862495
57.084979849371585
58.19980883731663
58.0012273142205
56.95475494579944
55.42906763420723
68.34450438634397
85.45311078169281
99.39353370304113
105.79592279069766
95.31497472868216
102.29826350916996
91.38271490070636
114.57951906737304
106.97245067904208
119.69246667264464
95.64048078554788
107.44171660960723
103.22475478564117
110.7075948394046
85.39113417874395
78.7179770467836
87.43858011695906
96.72479066309842
110.67775557537911
86.89429265671882
85.58977816792714
90.51435401932031
97.68714442336073
118.81516339869279
98.99165891215242
119.19023668993019
98.06221771459812
111.88784135649296
83.73058483475383
75.17876763045275
53.10656612215713
55.21504703414016
55.59095108707647
54.35710131332082
67.42107692307692
90.7271282051282
101.65183974358973
106.18142113893856
91.90646472868215
106.49243094489837
95.57688233643478
110.92514373994356
93.18314974594955
106.8730669590643
92.92010204678361
111.85626871345028
95.83118438509207
117.63269206053067
99.95893650497511
120.40245972222222
99.61571313131313
116.095296014196
88.65446502004396
86.69374021264795
85.56241873327386
86.10840431679787
86.10840431679787
91.03298016819106
100.70340279162511
117.92782557881908
88.24798939918594
86.14174204749104
90.15850467375365
99.13090305203676
119.72398430203674
97.17828439978845
111.88784135649296
96.45307909234201
111.58321722302853
96.45307909234201
110.62543024538185
96.79980660348701
116.59115499058379
89.69630957995577
88.8123762651461
90.14904685338139
90.33904183665899
82.75879974744817
53.84766623786456
55.532441029338145
55.972816998330394
57.73798609251821
57.97169722975006
59.69316692671976
58.991827420546926
58.30719126559714
56.3629431372549
55.29911354923991
53.68935972254795
53.912138153920495
54.75318931056293
56.58572156862745
57.287061074800285
55.863216317767034
69.38904965110036
86.7431248736097
128.36609991386734
123.32889301731564
103.44094603056894
63.024218209724836
53.674856924458375
52.96955241276344
52.96955241276344
51.63767848931847
51.98290648714809
