2022-12-15 16:57:52.761453 5 218.8858013132719 760.248275862069 80.25382026783372 -inf
2022-12-15 16:58:52.781143 6 204.33522739530696 757.549815498155 80.2674129459199 -0.0001693711033421263
2022-12-15 16:59:52.768118 7 189.07307617179205 766.5943775100402 80.07034841416176 0.00245510007767307
2022-12-15 17:00:52.790158 8 174.260343688037 772.359649122807 79.45053974898713 0.0077408014008967085
2022-12-15 17:01:52.777016 9 159.42888491419387 771.9375 79.33094877147838 0.0015052254885439546
2022-12-15 17:02:52.764339 10 144.5225249872856 762.6947368421053 79.44730487762888 -0.001466717692809671
2022-12-15 17:03:52.785781 11 130.09366184542245 765.4502923976609 79.65826875105293 -0.0026553937071747444
2022-12-15 17:04:52.773144 12 114.91578795736099 807.3263888888889 77.04759327464383 0.03277343981160263
2022-12-15 17:05:52.761445 13 99.90644707680391 808.896 76.75354941289066 0.0038163925601805396
2022-12-15 17:06:52.780915 14 85.78653011928203 747.9565217391304 82.67756315883257 -0.0771822774484873
2022-12-15 17:07:52.768345 15 70.83335924992929 727.1237113402062 85.37553686106908 -0.03263247729076642
2022-12-15 17:08:52.789851 16 55.41211450115879 743.4 83.24779738795425 0.024922121152541415
2022-12-15 17:09:52.777537 17 40.8989697616253 768.4905660377359 78.95567560496534 0.051558382535775944
2022-12-15 17:10:52.765029 18 25.97394849358656 729.4285714285714 84.0238497421722 -0.06419011804248487
2022-12-15 17:11:52.785558 19 11.432712741034965 668.7647058823529 96.1300504062624 -0.1440805283409194
2022-12-15 17:18:41.437824 5 219.4007610356636 759.7310344827587 85.93114040080218 -inf
2022-12-15 17:19:41.425273 6 203.9794384179874 735.9605734767025 85.71850901164075 0.0024744392797496875
2022-12-15 17:20:41.413032 7 188.96072216000334 773.0485829959514 82.53883793968038 0.03709433480146703
2022-12-15 17:21:41.433546 8 174.78466021750887 756.8879310344828 82.51994245268514 0.00022892843498769513
2022-12-15 17:22:41.421688 9 159.69104187787707 767.7703349282297 81.16436252031556 0.016427300990264685
2022-12-15 17:23:41.442791 10 145.02811159823247 758.1927083333334 83.22564365331883 -0.02539638172464326
2022-12-15 17:24:41.430127 11 129.60680539231257 770.7647058823529 82.66696056878737 0.006712871898698418
2022-12-15 17:25:41.417503 12 114.81280004245706 818.0780141843971 75.29777690849279 0.08914303380203105
2022-12-15 17:26:41.438909 13 100.2996698316068 817.349593495935 74.43996237684138 0.011392295587874938
2022-12-15 17:27:41.426605 14 85.41203910053585 834.3009708737864 73.8481729682378 0.007949888604291973
2022-12-15 17:28:41.413227 15 70.79591100290315 849.843373493976 71.72449045974092 0.028757414342671456
2022-12-15 17:29:41.435291 16 55.88956302955195 824.9705882352941 74.42490115461398 -0.03764977175249229
2022-12-15 17:30:41.422700 17 40.73046862733616 846.7708333333334 71.47161896808946 0.039681371969701694
2022-12-15 17:31:41.443782 18 25.805478521367387 830.5806451612904 76.30382673697379 -0.06761016244842316
2022-12-15 17:32:41.430474 19 10.712320858007393 974.6363636363636 68.05802507890053 0.1080653751023168
