2022-12-01 14:36:20.671601 5 [90.36910726532336, 66.93697868873589, 33.06302131126411, 2.0245269801139254, 70.5055928411633, 664.5704697986578]
2022-12-01 14:37:20.661811 6 [90.68620430441082, 54.009576280633695, 45.9904237193663, 1.1743657029602574, 70.26280623608018, 662.2628062360802]
2022-12-01 14:38:20.662109 7 [90.95020009488556, 48.2603107332534, 51.739689266746595, 0.9327522336758715, 70.07760532150776, 660.5232815964523]
2022-12-01 14:39:20.663016 8 [91.96050005442005, 65.89084643760184, 34.109153562398156, 1.9317643376011464, 69.28884026258206, 653.0853391684901]
2022-12-01 14:40:20.662189 9 [91.2981914003784, 72.54550017679787, 27.45449982320213, 2.6423901598632944, 69.86343612334802, 658.5066079295154]
2022-12-01 14:41:20.690696 10 [90.67728815566036, 73.51477404520654, 26.485225954793467, 2.7756898948374404, 70.3259423503326, 662.8913525498891]
2022-12-01 14:42:20.664451 11 [91.15358985758719, 83.03668650353181, 16.963313496468185, 4.8950746869602035, 70.01101321585904, 659.920704845815]
2022-12-01 14:43:20.663783 12 [90.77316382371984, 84.60944307279678, 15.390556927203214, 5.49749066736158, 70.28476821192054, 662.485651214128]
2022-12-01 14:44:20.665972 13 [89.84428200926556, 78.44441795928931, 21.555582040710682, 3.6391695576178935, 70.95333333333333, 668.7755555555556]
2022-12-01 14:45:20.664681 14 [90.81143547715652, 64.82814083999473, 35.171859160005276, 1.8431820889841468, 70.15131578947368, 661.203947368421]
2022-12-01 14:46:20.666917 15 [91.50317573239745, 57.116870459068565, 42.88312954093143, 1.3319193601425758, 69.59565217391304, 655.9391304347826]
2022-12-01 14:47:20.666399 16 [91.43710706523889, 55.43994586365809, 44.560054136341904, 1.24416244410356, 69.69782608695652, 656.9]
2022-12-01 14:48:20.665335 17 [91.3357189942742, 58.239365973594694, 41.76063402640529, 1.3945996590178655, 69.76355748373102, 657.5206073752712]
