2022-12-15 16:09:45.114979 5 219.05433385355636 586.6293333333333 103.61645678259953 -inf
2022-12-15 16:10:45.102585 6 204.6067505622087 595.4521739130435 101.85927471536785 0.01695852301645937
2022-12-15 16:11:45.122883 7 189.81274146633578 602.4858044164038 100.9358493270132 0.009065697659197293
2022-12-15 16:12:45.110260 8 174.93446494021512 603.8109965635739 100.41119361826532 0.005197912458715241
2022-12-15 16:13:45.098494 9 159.99064983637214 605.3646616541354 100.48310576574328 -0.00071617660229545
2022-12-15 16:14:45.118969 10 144.67232927152278 613.8739495798319 100.3509351628511 0.0013153514900335961
2022-12-15 16:15:45.106733 11 129.83150837067097 597.1598173515981 102.29331198440026 -0.019355841760687536
2022-12-15 16:16:45.094068 12 115.02813840998347 588.9285714285714 102.73959035719903 -0.00436273265711477
2022-12-15 16:17:45.114269 13 100.5711801858602 594.1301775147929 101.90048770285827 0.008167276620662202
2022-12-15 16:18:45.102481 14 85.72099419100145 606.2605633802817 102.67239964196041 -0.007575154511066069
2022-12-15 16:19:45.123238 15 70.93634562528065 620.4782608695652 98.4559608817124 0.041066915499701886
2022-12-15 16:20:45.111122 16 55.955095180507875 625.6067415730337 96.74991806709438 0.017327978919099686
2022-12-15 16:21:45.098269 17 41.00194267702422 599.6470588235294 100.99005701022834 -0.04382576262435173
2022-12-15 16:22:45.118929 18 26.170517934618502 588.5227272727273 103.06070749623277 -0.020503508437416842
2022-12-15 16:23:45.106300 19 11.189463533778902 534.85 113.02923559197488 -0.09672481722587147
2022-12-15 16:30:17.427151 5 219.42884972610474 642.6851311953353 94.31844772581977 -inf
2022-12-15 16:31:17.414841 6 204.57866195873612 649.3343848580441 93.63765844179434 0.0072179865173825995
2022-12-15 16:32:17.435456 7 189.2322457345293 658.1384083044983 92.06833762317564 0.016759505147111345
2022-12-15 16:33:17.422962 8 174.794023012678 659.1015037593985 91.91929919136852 0.001618780523844251
2022-12-15 16:34:17.410458 9 159.81275761101568 669.4291666666667 90.8989777022946 0.011100187860981135
2022-12-15 16:35:17.430949 10 145.10301314069767 679.0186046511628 90.92509057544802 -0.0002872735625140439
2022-12-15 16:36:17.418875 11 130.34645269607566 654.715 93.08271895496318 -0.023729735828250817
2022-12-15 16:37:17.406383 12 114.96260064595369 652.9209039548023 93.90115557940314 -0.008792573246984155
2022-12-15 16:38:17.426834 13 100.39329409169419 662.4736842105264 91.63279985091505 0.024156845722414562
2022-12-15 16:39:17.414310 14 85.48693730428508 654.0916030534352 92.61643765076893 -0.01073456012971602
2022-12-15 16:40:17.435555 15 70.85208706508169 636.6846846846847 95.22871017479399 -0.02820527964890227
2022-12-15 16:41:17.423183 16 55.786583935192645 665.75 92.04870053386203 0.0333933919203042
2022-12-15 16:42:17.409863 17 40.69302393082746 646.7142857142857 94.98416080384538 -0.03189029560393937
2022-12-15 16:43:17.431444 18 25.842918461188013 621.0243902439024 97.37806276983461 -0.02520317014678845
2022-12-15 16:44:17.419027 19 11.030415975188399 721.3333333333334 89.16888025130487 0.08430217530547086
