2022-12-14 16:11:34.877214 5 219.485027106987 490.74832962138083 123.53062660280207 -inf
2022-12-14 16:12:34.895040 6 204.70038052379672 494.07211538461536 122.70816725914553 0.00665793873369611
2022-12-14 16:13:34.878704 7 189.70975028811205 508.792 119.79468317851581 0.023743196118941063
2022-12-14 16:14:34.896903 8 174.54122904034503 511.55232558139534 119.2513573298961 0.004535475483582707
2022-12-14 16:15:34.881095 9 159.9812887265152 508.56962025316454 119.19396815247671 0.00048124548604189124
2022-12-14 16:16:34.865051 10 145.08428775508136 512.9260563380282 118.11402515803802 0.00906038293026035
2022-12-14 16:17:34.883015 11 130.29964158746048 517.0434782608696 117.07758146625594 0.008774941759840189
2022-12-14 16:18:34.866557 12 115.28092843991966 524.0 115.48341257297007 0.013616346300639452
2022-12-14 16:19:34.885725 13 100.27158514937966 529.6157894736842 115.54221720816304 -0.0005092041695236003
2022-12-14 16:20:34.869784 14 85.67418484847742 535.1304347826087 114.78239426863188 0.006576149894737182
2022-12-14 16:21:34.888280 15 70.90826313019433 540.6439393939394 114.58114267762039 0.00175333153044781
2022-12-14 16:22:34.872815 16 55.73041661364334 558.53 111.69216482133507 0.02521337969558919
2022-12-14 16:23:34.891182 17 40.93642705613231 564.875 108.76188223162075 0.026235346001231688
2022-12-14 16:24:34.874905 18 26.030124667487197 581.5111111111111 108.88256561943743 -0.0011096110635495841
2022-12-14 16:25:34.893484 19 11.180151316878 576.9473684210526 110.49394557732182 -0.014799246773045692
2022-12-14 16:32:07.858149 5 219.54120448786927 556.5415617128464 109.4726097804212 -inf
2022-12-14 16:33:07.875836 6 204.28841433694922 553.3854447439353 109.88984973671388 -0.0038113639304807345
2022-12-14 16:34:07.862232 7 189.55994493796845 552.6202898550724 110.23118704336352 -0.0031061768440620134
2022-12-14 16:35:07.846752 8 174.60676710929522 554.6613924050633 109.39982985781995 0.00754194169401915
2022-12-14 16:36:07.864125 9 159.77530825293977 556.1660899653979 109.31651477542022 0.0007615650089037166
2022-12-14 16:37:07.849295 10 145.14046391193025 560.9807692307693 108.8960615068822 0.0038462008178891407
2022-12-14 16:38:07.868877 11 130.22474059351785 556.2212765957447 109.05230209729872 -0.0014347680554694963
2022-12-14 16:39:07.853831 12 115.15921544798277 551.1333333333333 111.20601892683676 -0.01974939353060562
2022-12-14 16:40:07.872211 13 100.47755852690406 537.686170212766 113.92259093464334 -0.024428282156146855
2022-12-14 16:41:07.856131 14 85.58992436725829 525.4049079754601 115.15359703249226 -0.010805636421621936
2022-12-14 16:42:07.874733 15 70.67421156190085 549.5736434108527 111.03505178746894 0.03576566734481777
2022-12-14 16:43:07.860232 16 55.84275745008946 563.3535353535353 107.57069700665546 0.03120055086248409
2022-12-14 16:44:07.845928 17 40.68366902106063 589.8 105.70930951348497 0.01730385267518841
2022-12-14 16:45:07.864325 18 26.09564457855243 540.7708333333334 111.86570875495386 -0.05823895047468396
2022-12-14 16:46:07.848870 19 11.264331421471953 579.8947368421053 104.25073813882783 0.06807242988829505
