113.21072796934867
117.46006483937518
121.70940170940169
120.99020979020976
114.92968015590964
108.86915052160953
105.63278688524589
105.06800634584876
102.41524926686216
98.22701397274452
95.65599808444408
97.19712362556962
101.38535891968726
105.10476190476189
106.79999999999998
108.6736842105263
111.21654135338345
111.81993118389192
108.79785987659142
105.67139617635723
105.67139617635722
108.04736948002797
108.63097603740502
107.44397964951949
105.06800634584876
105.06800634584874
107.52529711375212
113.37557100297914
118.07745779543197
119.44013722126928
116.61193463934278
112.51343767739841
108.1286869442606
103.51654119527274
99.67678772840063
98.60017482517482
100.7550298062593
103.40778688524591
106.23617671575437
108.04736948002797
112.58653159296058
118.26549470362858
120.99346405228758
120.27427213309565
115.8656034024455
112.51343767739841
111.1507582515611
109.88046387154326
109.27707404103478
107.40338983050846
106.79999999999998
110.03636363636362
115.51328671328669
122.6332867132867
124.09880986937588
120.49557100297913
113.37557100297914
108.6736842105263
107.40338983050846
108.00677966101694
106.31154156577884
103.48315173527037
101.1845238095238
104.10734811165845
107.55993431855501
110.48275862068967
109.2551724137931
108.02758620689654
108.02758620689654
111.26394984326018
115.21950539881574
117.94747474747474
117.94747474747474
115.8656034024455
115.14641148325357
115.14641148325357
113.27272727272725
113.27272727272725
111.91004784688994
114.45290498974708
114.45290498974708
114.45290498974708
111.91004784688994
108.6736842105263
107.40338983050846
109.27707404103478
111.81993118389192
112.44412756028001
110.57044334975369
107.44397964951949
106.21639344262294
107.4439796495195
109.2551724137931
108.67156585641607
105.2189796495195
101.76639344262296
101.20161290322581
104.65419911012236
107.48258894063083
108.63097603740502
105.70815173527036
102.87976190476189
100.6547619047619
101.20161290322581
104.03000273373428
106.25500273373427
108.00677966101694
107.40338983050846
109.27707404103478
108.09007765314925
106.94169055637506
101.83164270948511
99.67678772840063
99.12993672993672
99.62783882783881
100.14130036630036
100.68815136476427
105.96947004608295
111.43083368244658
114.45290498974708
112.51343767739841
108.69346748365774
105.67139617635722
104.4843997884717
106.94169055637506
98.53885814095413
128.2497374256039
128.2497374256039
139.0285431446956
112.44412756028001
116.04736642667676
119.52166701223302
120.93436542493144
116.06083217851686
110.77533882868698
107.42317310363988
106.23617671575437
104.59478327313141
100.27199045754833
98.11713547646383
100.34213547646382
105.93522267206477
109.27707404103478
108.69346748365774
107.42317310363988
108.04736948002797
111.86733967376865
116.74087292018325
122.6332867132867
126.51692307692306
125.74188679245282
121.16474393530996
114.04474393530995
107.64761904761903
102.87976190476189
101.1845238095238
101.1845238095238
101.7142857142857
102.2611367127496
105.18396101488426
110.11556274648599
113.80680698611732
114.45290498974708
113.09022556390977
111.1507582515611
111.1507582515611
110.50466024793134
109.90127041742286
108.02758620689654
106.79999999999998
109.34285714285713
112.57922077922076
115.8155844155844
115.14641148325357
110.76166075011575
105.83005901851402
101.7313748079877
99.16035891968727
96.66736172080772
95.1729587357331
97.19712362556962
99.69012082444917
104.01291364003227
107.58183594579668
112.51343767739841
117.38697092381301
118.74965034965032
115.51328671328669
108.34112554112552
103.40952380952379
100.17316017316016
97.22492000752868
95.20075511769217
96.7418806588177
102.61294512658382
108.20603232218477
112.44412756028001
112.44412756028001
110.57044334975369
108.63097603740502
109.27707404103478
109.88046387154326
108.69346748365774
107.42317310363988
108.69346748365773
111.81993118389192
113.09022556390977
113.09022556390977
113.09022556390977
114.45290498974708
118.05614385614383
118.74965034965032
116.11667654379517
107.90129192841056
101.42856465568329
99.67678772840063
100.72001117162407
101.21791326952616
98.64689738122573
98.11713547646383
101.45898684543384
104.03000273373428
106.25500273373427
104.50322580645161
106.87919911012236
108.75288332064868
111.12885662431943
110.50466024793134
111.17383318026216
113.18261060972924
113.80680698611732
110.11556274648599
106.29559255274532
105.06800634584874
107.4439796495195
108.63097603740502
108.63097603740502
106.25500273373427
106.25500273373427
108.1286869442606
111.1507582515611
112.42105263157895
113.09022556390977
113.75939849624059
116.5876010781671
118.74663072776278
118.07745779543197
113.37557100297914
107.52529711375212
106.25500273373427
108.1286869442606
109.27707404103478
106.97844611528821
105.70815173527036
107.58183594579668
110.50466024793134
111.12885662431943
109.2551724137931
110.57044334975369
113.29841269841269
115.84126984126983
114.52599890530925
111.79802955665025
110.48275862068967
112.49153605015674
115.21950539881574
118.693805984372
120.15932914046121
122.48612652608212
124.90423973362928
128.19418967587035
129.03183673469385
128.19418967587035
124.90423973362928
121.02060336999291
117.97461406518009
115.14641148325357
113.1376340537865
110.50466024793134
109.2343658679135
111.9623352165725
114.59530902242766
118.693805984372
118.69380598437202
119.41299790356395
119.41299790356393
122.57744234800839
125.74188679245282
127.32235294117646
124.90423973362928
121.73979528918484
120.15932914046121
120.15932914046121
116.80716341541412
110.95688952618711
103.51654119527274
101.21791326952616
99.12993672993672
98.14899528332363
97.10577184010019
99.19374837968964
104.14073757166082
106.87919911012236
108.63097603740502
108.00677966101694
110.54963680387408
113.90180252892117
118.00029949086553
118.69380598437202
115.34164025932493
112.51343767739841
113.23262959659034
118.91159270725834
120.27427213309565
115.73511002016303
109.45275707898656
106.21639344262294
107.40338983050846
105.70815173527036
103.48315173527037
102.29615534738485
106.5342505854801
111.30210772833723
113.75939849624059
112.44412756028001
112.44412756028001
112.44412756028001
112.44412756028001
110.50466024793134
109.2343658679135
109.88046387154326
113.23262959659034
115.8656034024455
115.8656034024455
113.1376340537865
109.90127041742286
108.63097603740502
106.8197832731314
105.67139617635722
104.4843997884717
105.06800634584874
108.09007765314927
113.37557100297914
118.07745779543197
120.90566037735849
120.15932914046121
116.06083217851686
113.23262959659034
109.88046387154326
107.58183594579668
101.98874875019574
99.16035891968727
99.70720991815118
101.20161290322581
100.19024926686217
97.15040106951871
96.63693953105717
98.72491607064661
101.76476426799007
103.91961924907457
103.91961924907456
103.91961924907456
103.91961924907457
107.61086348870589
113.46113737793291
116.5876010781671
114.04474393530995
96.96024844720496
116.54712103407755
113.80865949561601
122.00303289715053
95.22982490655124
94.24888345993816
97.28873165728162
100.78382282137699
102.80798771121351
102.80798771121351
104.55976463849618
107.48258894063083
109.2343658679135
106.93573794216692
105.12454517789331
105.12454517789332
108.04736948002797
109.2343658679135
106.40597603740503
100.99015453639082
96.1985294117647
94.23529411764706
97.27514231499052
100.31499051233396
102.27822580645162
100.68815136476427
99.09807692307692
101.32307692307691
105.93522267206477
110.54736842105262
