5 75.3548622206197 897.9848484848485
6 77.50695691020096 881.3432835820895
7 84.08428100960809 811.082191780822
8 72.4787361125488 888.7878787878788
9 76.16728587444051 896.4242424242424
10 69.24714020611606 891.3333333333334
11 78.85004807807162 869.7205882352941
12 74.7260533140802 887.820895522388
13 81.22500413454327 833.0422535211268
14 66.243957664437 938.4285714285714
15 72.27278577772654 894.3181818181819
16 79.43902374396662 845.0
17 75.43588927345891 871.9558823529412
18 79.58577556510814 853.7536231884058
19 75.17212757837682 880.1044776119403
