2022-12-14 14:26:10.521758 5 217.64053643468617 671.9603658536586 90.56346030291807 -inf
2022-12-14 14:27:10.537081 6 203.38021615230812 668.9869706840391 90.7326198126731 -0.0018678560778178283
2022-12-14 14:28:10.520202 7 188.211696786676 664.9405594405595 91.35898060719597 -0.006903369436659805
2022-12-14 14:29:10.535515 8 172.95891664318708 645.2904411764706 94.80775751043147 -0.03774973057179506
2022-12-14 14:30:10.518723 9 158.3240821891129 631.2313725490196 96.99307752773078 -0.023050012727691176
2022-12-14 14:31:10.534803 10 143.7922379368503 621.2468085106383 98.60172531074606 -0.01658518137601486
2022-12-14 14:32:10.517310 11 129.11995159722704 651.7960199004975 93.7909468641681 0.048790002724766274
2022-12-14 14:33:10.533273 12 113.8297373123741 669.9075144508671 91.34953808230283 0.026030324498173857
2022-12-14 14:34:10.549697 13 99.02638416623105 692.2413793103449 87.52485993310202 0.04186860962290693
2022-12-14 14:35:10.532535 14 84.35410697960737 679.5873015873016 89.8931461125955 -0.02705844009694658
2022-12-14 14:36:10.548402 15 69.55076644648436 679.8461538461538 90.25451657730817 -0.004020000192896018
2022-12-14 14:37:10.530874 16 54.419778049204766 666.0 92.98125634088134 -0.030211671027427965
2022-12-14 14:38:10.547808 17 39.56033808677854 686.4833333333333 90.53298547782519 0.02633079998489667
2022-12-14 14:39:10.530983 18 24.972455450806507 679.0 90.03531423705485 0.00549712613743686
2022-12-14 14:40:10.547199 19 10.094894413258489 635.3529411764706 96.77616049491245 -0.07486891465841457
2022-12-14 14:46:55.927815 5 218.68918087782166 697.5126582278481 88.01181068793454 -inf
2022-12-14 14:47:55.944456 6 203.5955621136148 699.4795918367347 87.53759516467126 0.005388089616116628
2022-12-14 14:48:55.926884 7 187.68737806117335 718.3684210526316 85.64845985715228 0.021580845395229777
2022-12-14 14:49:55.943728 8 173.88583337288316 714.5853658536586 85.71222397101971 -0.0007444864037693567
2022-12-14 14:50:55.927082 9 158.18364095712963 718.1116071428571 86.03756339238808 -0.003795717883581811
2022-12-14 14:51:55.943584 10 144.02630525996668 711.2048780487805 86.91149880337116 -0.010157602987864238
2022-12-14 14:52:55.926477 11 128.99823681770718 708.1513513513513 86.80237325350238 0.0012555939245238955
2022-12-14 14:53:55.943372 12 113.67057416594292 711.7239263803681 86.04070156659556 0.008774779517633639
2022-12-14 14:54:55.925956 13 99.31661767176652 707.3426573426574 86.47115869048962 -0.005002947628929828
2022-12-14 14:55:55.942988 14 84.11068780297364 712.1157024793389 86.30333803998971 0.0019407702295350742
2022-12-14 14:56:55.926227 15 68.77371282735774 723.1122448979592 85.31640196685171 0.011435665126656955
2022-12-14 14:57:55.942406 16 54.17637288332152 755.7297297297297 83.57021739173366 0.020467161470270414
2022-12-14 14:58:55.925923 17 39.635223452015595 711.551724137931 87.37364835184577 -0.04551179928470935
2022-12-14 14:59:55.942508 18 25.08477534039034 700.7027027027027 87.21669222226558 0.0017963783422222058
2022-12-14 15:00:55.925808 19 9.926477445361972 665.75 90.94640579630276 -0.04276375862240069
