5 97.01793653259992 618.6842105263158
6 93.80923453738674 640.1086956521739
7 96.82235601292358 619.8631578947368
8 91.69619767159374 654.5555555555555
9 93.34627376271607 642.7912087912088
10 94.49177540796785 635.054347826087
11 95.81044564294262 654.0111111111111
12 92.6728660841347 648.4
13 93.75963854410026 654.4222222222222
14 90.91849439574383 675.9885057471264
15 88.37953669000339 679.5581395348837
16 89.63612957831128 685.8255813953489
17 87.71598213094376 691.8470588235294
18 86.47398973637358 710.4578313253012
19 87.44218406901618 695.1647058823529
20 87.80367769983495 683.8023255813954
21 86.66802342542354 693.8235294117648
22 83.9179114372851 715.1219512195122
23 84.97715989497338 707.5421686746988
24 85.10119976432601 740.5625
25 85.14249902676652 704.9879518072289
26 87.67897350130406 710.7831325301205
27 84.00726403338498 724.5432098765432
28 81.66331365376818 754.1666666666666
29 83.16898155553558 723.2592592592592
30 85.06050946999066 714.7710843373494
31 83.6316794879736 717.6951219512196
32 84.42572486644332 710.9878048780488
33 82.34581299445806 738.4875
34 81.8431856532022 733.8125
35 81.16059358466428 750.6666666666666
36 78.02036546657713 801.2702702702703
37 78.57317189412916 775.1842105263158
38 78.39476783780114 765.7236842105264
39 79.40164751790635 776.3815789473684
5 97.01793653259992 618.6842105263158
6 93.80923453738674 640.1086956521739
7 96.82235601292358 619.8631578947368
8 91.69619767159374 654.5555555555555
9 93.34627376271607 642.7912087912088
10 94.49177540796785 635.054347826087
11 95.81044564294262 654.0111111111111
12 92.6728660841347 648.4
13 93.75963854410026 654.4222222222222
14 90.91849439574383 675.9885057471264
15 88.37953669000339 679.5581395348837
16 89.63612957831128 685.8255813953489
17 87.71598213094376 691.8470588235294
18 86.47398973637358 710.4578313253012
19 87.44218406901618 695.1647058823529
20 87.80367769983495 683.8023255813954
21 86.66802342542354 693.8235294117648
22 83.9179114372851 715.1219512195122
23 84.97715989497338 707.5421686746988
24 85.10119976432601 740.5625
25 85.14249902676652 704.9879518072289
26 87.67897350130406 710.7831325301205
27 84.00726403338498 724.5432098765432
28 81.66331365376818 754.1666666666666
29 83.16898155553558 723.2592592592592
30 85.06050946999066 714.7710843373494
31 83.6316794879736 717.6951219512196
32 84.42572486644332 710.9878048780488
33 82.34581299445806 738.4875
34 81.8431856532022 733.8125
35 81.16059358466428 750.6666666666666
36 78.02036546657713 801.2702702702703
37 78.57317189412916 775.1842105263158
38 78.39476783780114 765.7236842105264
39 79.40164751790635 776.3815789473684
40 78.14977939084794 769.3846153846154
