2022-12-14 17:04:32.918019 5 219.08242254399747 607.3443526170798 100.63399915850512 -inf
2022-12-14 17:05:32.903156 6 204.35395313095535 611.9880952380952 99.57245655569746 0.010548548320490212
2022-12-14 17:06:32.923881 7 189.26033423768123 616.7702265372168 98.54918696510315 0.010276632976529287
2022-12-14 17:07:32.908659 8 174.794023012678 623.0567375886525 97.48380172186968 0.010810695410513368
2022-12-14 17:08:32.929157 9 160.0936417121018 631.3960784313725 96.24024236620176 0.012756574258520576
2022-12-14 17:09:32.913950 10 144.75659350679615 633.0695652173913 96.01419883514431 0.0023487423296101925
2022-12-14 17:10:32.933878 11 130.09366385411823 641.7647058823529 94.831495273355 0.012318006879586672
2022-12-14 17:11:32.920403 12 115.26220336423707 647.6145251396648 93.95408433371219 0.009252315774560422
2022-12-14 17:12:32.905899 13 100.60862988989516 650.2967741935483 93.04841431081105 0.009639496029617157
2022-12-14 17:13:32.925672 14 85.73035850262352 639.7611940298508 94.56726235286654 -0.01632320177947417
2022-12-14 17:14:32.911102 15 70.60867344672914 661.607476635514 93.16325493511151 0.014846653935229064
2022-12-14 17:15:32.931053 16 55.67424619542029 660.2619047619048 91.69506729534564 0.015759299530576403
2022-12-14 17:16:32.917075 17 40.54325138753189 726.140350877193 87.76210800336568 0.042891721528619114
2022-12-14 17:17:32.902895 18 25.786758551457073 671.9473684210526 90.08275134832165 -0.026442429400932024
2022-12-14 17:18:32.921648 19 11.161418094531594 665.1875 90.94973774415917 -0.009624332992285626
2022-12-14 17:25:02.768043 5 219.50375290061442 671.1246200607902 91.09556648562176 -inf
2022-12-14 17:26:02.754564 6 204.21351011359238 654.4649681528663 93.08252255567675 -0.021811775772519092
2022-12-14 17:27:02.774098 7 189.76592729441592 648.7210884353741 93.61954496911962 -0.005769315212978386
2022-12-14 17:28:02.759650 8 174.85019978369286 652.0669144981413 93.13752172197881 0.005148745887408416
2022-12-14 17:29:02.746096 9 159.96256159026325 685.0 89.15524734731015 0.04275692869041539
2022-12-14 17:30:02.765132 10 144.70041734994723 695.0956937799043 87.14019335062201 0.022601630937530377
2022-12-14 17:31:02.751401 11 130.23410120689647 719.2197802197802 85.2172825289457 0.022066864299223925
2022-12-14 17:32:02.771317 12 115.22475321287187 732.9113924050633 83.16234342429307 0.024114112110470463
2022-12-14 17:33:02.757379 13 100.4962807777903 737.6350364963504 83.38743224630448 -0.0027066195196426223
2022-12-14 17:34:02.776481 14 85.29969382083682 733.6495726495726 83.83462616253897 -0.005362845505466454
2022-12-14 17:35:02.762712 15 70.22482889471165 734.5670103092783 84.43848681960321 -0.007202998148920923
2022-12-14 17:36:02.748571 16 55.91764823710449 749.36 81.99610833441744 0.02892494379255916
2022-12-14 17:37:02.768056 17 40.71175254776638 736.2363636363636 82.44591443793072 -0.005485700634458993
2022-12-14 17:38:02.753838 18 25.655718762084877 743.2 83.71746963689117 -0.015422901275693053
2022-12-14 17:39:02.773837 19 11.021081739612924 726.5714285714286 83.29415785395824 0.00505643308103987
