2022-12-01 17:31:37.179029 5 [75.92890670274755, 38.827870936687994, 61.172129063312, 0.6347313969814894, 93.80654761904762, 884.4315476190476]
2022-12-01 17:32:37.190099 6 [75.25999667167778, 40.0226191112811, 59.97738088871889, 0.6672952122657448, 94.38622754491018, 889.9161676646706]
2022-12-01 17:33:37.180676 7 [75.600222702991, 39.159795799119706, 60.840204200880294, 0.6436499731299901, 94.4089552238806, 890.1223880597015]
2022-12-01 17:34:37.179636 8 [75.82515157843557, 43.34523048810264, 56.654769511897356, 0.7650764597850893, 93.45266272189349, 881.1183431952662]
2022-12-01 17:35:37.182452 9 [76.604257388765, 46.08516258826427, 53.914837411735746, 0.8547769927658694, 91.27953890489914, 860.6167146974063]
2022-12-01 17:36:37.181226 10 [76.42789069357428, 35.33462439707426, 64.66537560292574, 0.5464226267553848, 90.72, 855.3257142857143]
2022-12-01 17:37:37.183528 11 [76.56230001057453, 24.973005214333515, 75.02699478566647, 0.33285359870370923, 90.46306818181819, 852.9005681818181]
2022-12-01 17:38:37.186724 12 [76.23853619810913, 23.961623220011695, 76.0383767799883, 0.31512539108170295, 91.20916905444126, 859.945558739255]
2022-12-01 17:39:37.186005 13 [75.96046542773168, 28.12421053508968, 71.87578946491031, 0.3912890661022915, 92.35072463768115, 870.7246376811594]
2022-12-01 17:40:37.187694 14 [74.56199174871648, 31.227802485913248, 68.77219751408676, 0.45407597277252615, 94.5680473372781, 891.6597633136095]
2022-12-01 17:41:37.178358 15 [75.65649612039115, 33.95617981458311, 66.0438201854169, 0.5141462095810283, 93.46064139941691, 881.2186588921282]
2022-12-01 17:42:37.189362 16 [75.36095665776799, 33.57974634220614, 66.42025365779386, 0.5055648615136813, 93.62390670553935, 882.7813411078718]
2022-12-01 17:43:37.181368 17 [75.33251175337375, 30.907751361674293, 69.0922486383257, 0.4473403597481072, 93.23478260869565, 879.0869565217391]
2022-12-01 17:44:37.183160 18 [75.33352010387716, 30.7269629924382, 69.27303700756181, 0.44356309929192306, 93.29565217391304, 879.6434782608695]
2022-12-01 17:45:37.182432 19 [75.98910695158983, 26.52869517025873, 73.47130482974127, 0.36107559586337823, 92.75504322766571, 874.5446685878962]
2022-12-01 17:46:37.184463 20 [76.3177876719703, 32.05567386836274, 67.94432613163727, 0.47179324151743246, 92.22571428571429, 869.5571428571428]
2022-12-01 17:47:37.184024 21 [75.83008522553806, 27.471834017083083, 72.5281659829169, 0.378774695937489, 93.69565217391305, 883.4115942028985]
2022-12-01 17:48:37.186787 22 [75.7132520612474, 28.202920429971133, 71.79707957002887, 0.3928143122097716, 93.61560693641619, 882.6763005780347]
2022-12-01 17:49:37.185507 23 [75.69747607381848, 28.46499502909181, 71.5350049709082, 0.3979170063756609, 93.0945558739255, 877.7593123209169]
2022-12-01 17:50:37.188461 24 [76.79613902176949, 30.552185251034885, 69.44781474896511, 0.4399301167570599, 91.78813559322033, 865.4293785310734]
2022-12-01 17:51:37.179072 25 [75.90678486129424, 28.6186242616466, 71.38137573835341, 0.4009256471400527, 92.35511363636364, 870.7784090909091]
2022-12-01 17:52:37.181017 26 [76.40264893448432, 34.72768484923666, 65.27231515076335, 0.532043099268412, 91.24089635854342, 860.2689075630252]
2022-12-01 17:53:37.180599 27 [77.45747679471552, 38.07959528310232, 61.92040471689768, 0.6149765244139409, 90.23756906077348, 850.8038674033149]
2022-12-01 17:54:37.189379 28 [77.0898076088103, 32.09064100025574, 67.90935899974426, 0.47255108092503983, 91.05849582172702, 858.5487465181059]
2022-12-01 17:55:37.182508 29 [77.04595857717594, 27.697977767305005, 72.302022232695, 0.38308717947283044, 91.11977715877437, 859.1281337047354]
2022-12-01 17:56:37.184988 30 [77.20580660860126, 24.168625424809594, 75.83137457519041, 0.3187153808064662, 91.37047353760445, 861.4791086350975]
2022-12-01 17:57:37.183986 31 [77.20659858782878, 20.969171032995405, 79.0308289670046, 0.2653290027079184, 91.09972299168975, 858.9362880886426]
2022-12-01 17:58:37.186738 32 [77.39730592724042, 21.237200808419722, 78.76279919158027, 0.26963491681857304, 90.59065934065934, 854.1373626373627]
2022-12-01 17:59:37.185215 33 [77.95615821569527, 26.22662530751031, 73.77337469248968, 0.35550258364662074, 89.50815217391305, 843.9320652173913]
2022-12-01 18:00:37.187693 34 [78.36528557393686, 26.95059260616813, 73.04940739383186, 0.3689364988393291, 89.31351351351351, 842.0918918918919]
2022-12-01 18:01:37.178571 35 [77.93378563646483, 33.58644581439259, 66.41355418560741, 0.5057167354803481, 90.0461956521739, 849.0135869565217]
2022-12-01 18:02:37.185648 36 [78.46996781808906, 32.33400711071897, 67.66599288928104, 0.4778472276853415, 89.85636856368563, 847.2140921409214]
2022-12-01 18:03:37.179368 37 [78.2608855004797, 30.517944288716446, 69.48205571128355, 0.4392205149416798, 90.08695652173913, 849.3885869565217]
2022-12-01 18:04:37.179081 38 [76.50424858231614, 31.1795735968215, 68.82042640317849, 0.45305696617104163, 92.23822714681441, 869.6759002770083]
2022-12-01 18:05:37.181972 39 [76.43345340265115, 28.979576483700733, 71.02042351629926, 0.4080456726233108, 92.13259668508287, 868.671270718232]
2022-12-01 18:06:37.180852 40 [76.71196974674285, 31.213973205763107, 68.7860267942369, 0.4537836339804163, 91.32054794520548, 860.9972602739726]
