77.29679821295608
78.86738644825019
82.99824865614704
81.08968573730861
80.76005610767899
77.54856262288112
79.45712554171955
79.13553565915406
79.78675517134917
79.11915085817523
80.45498575498576
82.61985061985061
81.67805167805167
81.67805167805167
80.1978021978022
82.50949050949052
84.38514909747786
84.03850839640678
82.03318841518318
78.50785420161658
76.59929128277817
77.90232620728634
79.20536113179449
81.11392405063292
81.11392405063292
80.12472985489349
80.12472985489349
78.82169493038532
80.87817760047517
79.26877434550231
78.0855587243972
76.68029556650245
75.25172413793103
76.12857142857143
74.265780730897
77.30375541444131
78.57518398586987
81.1225900681597
81.82487512487512
81.17365561268
80.82701491160893
80.82701491160893
82.51849416406378
82.18051948051948
79.86883116883116
79.16654611211573
79.85116149673112
81.1225900681597
80.13339587242027
78.48372024684102
79.1683356314564
80.50417052826691
81.46923076923076
81.1225900681597
80.10834505391466
80.79296043853006
80.12535612535612
79.80376624279063
77.84772228674667
77.52613240418118
77.21229167541244
77.51866000587715
77.20481927710843
76.59929128277817
76.9131320115469
76.60676368108219
78.1773519163763
79.86883116883116
81.14025974025972
81.82487512487512
81.46923076923076
81.13960113960114
79.80376624279063
79.45712554171955
80.12472985489349
80.12472985489349
78.51532659992061
76.90592334494774
77.22751322751323
78.16931216931216
79.1111111111111
77.87015250544661
77.54856262288112
77.87819225251076
80.13339587242027
81.1225900681597
80.47137055596457
78.82169493038532
77.83250073464589
76.05644751956828
77.02150776053213
74.44525474525474
75.6010989010989
74.03051066580478
76.92835356364768
79.24004187533598
79.84556986966625
79.21013925833202
78.5078542016166
80.15752982719583
81.460564751704
80.15752982719583
77.04564171530771
76.37803740213377
77.013468013468
77.013468013468
74.64309764309763
72.0060606060606
72.86274509803921
71.11274509803921
72.21662106703145
70.3046006066734
73.48317203524483
74.07453416149069
78.24175824175825
80.91844997108154
84.35474340737498
85.83499288762445
86.20972972972973
87.42937190711838
89.07879275653923
89.85906672914196
86.47455968688844
81.08968573730861
78.19978213507625
77.87015250544661
78.16931216931216
76.35066593687283
74.5320197044335
74.83838803489822
77.32463858051148
79.14328481295081
79.14328481295081
76.37803740213377
76.05644751956828
76.37028824833702
77.22697274031563
74.65071972503821
73.43914853955893
73.73830820342448
73.99911406423033
73.43463203463203
72.27878787878787
75.24545454545454
77.02150776053215
79.78675517134917
79.45712554171955
79.77871542428504
76.74074074074073
75.49978213507625
73.40213903743314
74.83071046600458
73.43463203463202
74.59047619047618
72.63443223443223
73.73830820342448
72.58246404758032
73.38266384778012
72.81818181818181
74.91582491582491
77.68107232664194
79.14328481295081
78.20148587115187
76.8984509466437
77.21229167541244
76.91313201154689
75.17819225251075
73.96662106703145
74.88598979013045
75.72319909245603
75.43771392806148
72.35667537574048
73.25440583245104
74.13125312309144
76.00072048993314
73.99911406423033
74.61932312346379
75.51705358017435
76.62092954916659
74.30548239469505
73.69995440036479
72.86274509803921
72.09715370018975
70.70107526881719
71.83048703352308
74.59768485707535
76.29292295231346
76.8984509466437
76.00072048993314
75.7015608260676
75.09603283173735
73.4762148337596
72.89852720698474
73.81789593008374
74.87323189846317
73.28924969601601
70.97380254154447
71.53828457114278
73.12226677358994
73.66166071298389
74.55939116969445
77.04564171530771
79.14328481295081
78.53775681862055
75.23311546840958
74.29131652661064
74.59047619047618
75.12987012987013
73.7012987012987
72.27272727272727
74.37037037037037
77.40834505391467
78.53775681862055
77.29679821295606
76.30760401721665
76.91313201154689
77.51866000587715
76.02160365600332
76.98666389696717
77.30050462573591
77.87819225251076
75.72991639044179
75.41607566167306
76.33544438477205
77.83250073464589
78.14634146341463
77.83250073464589
79.1683356314564
78.54812657222296
76.28571428571428
74.32967032967034
74.32967032967034
73.34135338345865
73.0421937195931
71.61362229102167
75.17819225251075
74.88598979013045
76.62092954916659
75.12387319929276
77.32463858051148
77.01827025004677
79.16654611211573
77.55714285714285
77.55714285714285
77.22751322751323
77.53388155797794
77.84024988844264
76.30708882039787
76.30708882039787
78.31240880162146
77.47519949929588
76.86967150496562
75.17819225251075
75.45091952523802
75.75007918910357
75.43623846033483
77.86351118760757
78.16987951807228
76.98666389696717
75.41607566167306
75.72991639044179
76.30760401721663
76.01540155483633
76.66662106703146
77.58598979013045
79.44878048780487
78.1773519163763
78.1773519163763
77.52613240418118
77.83250073464589
78.82169493038532
75.74065637806432
75.13512838373406
73.52572512876118
76.60676368108219
73.7273519163763
72.03211382113821
72.3537037037037
74.94091300602928
77.90757967269593
75.2705426356589
77.81794871794871
76.85288847698486
79.1683356314564
76.33544438477205
75.72991639044179
76.05150627300728
76.33699143740182
76.63615110126737
74.265780730897
73.98029556650246
74.9220945083014
77.29246487867177
79.77871542428504
79.14328481295081
79.14328481295081
78.47568049977687
80.12535612535612
78.59219505731133
79.9620844272007
77.12919318051635
78.02692363722691
76.98666389696717
75.9074672315636
77.55714285714285
77.22751322751321
81.49524549524548
80.15941059843499
79.52397998710076
79.88898340473574
78.67741221925645
80.3270878448357
79.60644007155635
81.13960113960114
77.48831908831909
76.15248419150856
75.51705358017435
77.51866000587715
77.20481927710843
78.16987951807228
79.13493975903614
78.82857142857142
76.12857142857143
75.7989417989418
78.1106301106301
78.94783941295569
79.96208442720071
78.27060517474584
81.91339587242027
80.89915085817523
80.27894179894179
79.18355718355718
78.24175824175825
78.8619673009917
76.60676368108219
77.22697274031563
77.87819225251076
79.11915085817523
81.55037037037036
81.22074074074072
81.22074074074072
78.47568049977687
79.14328481295081
80.15752982719583
81.460564751704
80.79296043853006
80.79296043853006
80.79296043853006
78.69531734088696
79.41596511416631
79.07799043062201
82.18987854251012
80.78461538461538
79.21402714932127
79.21402714932127
79.55200183286557
80.15752982719583
79.14328481295081
78.80531012940651
78.49894179894179
77.55714285714285
77.89511754068717
79.16654611211573
80.4379746835443
79.77037037037036
78.49894179894179
78.8369164824861
80.57180927001048
82.52785322605442
82.18987854251012
78.92182468694097
77.90757967269595
76.94251943173208
76.94251943173208
75.7015608260676
75.39519249560288
76.29292295231345
76.592082616179
76.29292295231345
77.25798319327731
79.9346749226006
80.23383458646616
80.57180927001048
79.16654611211573
79.47291444258045
76.98666389696717
75.12387319929276
75.12387319929276
76.94251943173208
76.94251943173208
75.75930381062697
76.42690812380093
76.42690812380091
75.34771145839736
74.35851726265793
75.25624771936849
76.33544438477205
74.28666389696718
75.25172413793103
77.73797468354431
79.78675517134917
78.82169493038532
79.1683356314564
79.81955514365151
79.81955514365153
76.98666389696717
75.12387319929276
73.94065757818765
73.94065757818765
73.37617554858934
73.09717868338558
77.4103194103194
79.18637262539701
79.46536949060078
77.63847930928021
77.01827025004677
77.30375541444131
76.31456121870188
75.43771392806148
76.02907605430734
73.98029556650246
71.22448979591837
71.53085812638308
72.36806742870866
74.844876334089
73.38266384778012
73.67486631016043
74.83071046600458
75.68739495798319
77.25798319327731
77.87819225251076
79.11915085817523
78.46793134598012
77.84772228674667
76.02907605430734
75.10970733120834
76.71911058618122
77.00459575057576
76.42690812380091
73.94065757818765
75.80344827586207
75.25172413793103
76.74878048780488
75.17819225251075
76.60676368108219
74.83071046600458
73.43463203463202
72.55778474399163
73.41446923597024
75.10970733120834
75.10970733120834
75.10970733120834
77.42139564289666
78.60461126400176
78.60461126400176
74.08174282808986
71.31454500453758
71.02234254215728
72.07767851053671
73.10993657505284
73.40213903743314
73.12941176470588
73.96662106703145
75.20757967269594
76.63615110126737
77.53388155797794
76.8984509466437
78.5078542016166
78.50785420161658
78.20148587115187
76.29292295231345
76.92835356364768
76.92835356364768
77.53388155797794
74.3809024919554
76.6925908036437
77.00643153241245
79.52397998710076
75.78372024684101
75.78372024684101
76.74878048780488
78.48372024684102
79.47291444258045
79.14328481295081
80.79296043853006
81.13960113960114
80.1978021978022
79.18355718355718
78.49894179894179
78.19978213507625
77.87819225251076
77.87819225251076
79.11915085817523
79.77037037037036
79.44074074074072
80.10834505391466
79.77871542428504
79.14328481295081
78.47568049977687
77.23472189411238
76.33699143740182
76.66662106703146
75.80993657505284
73.45693779904306
73.12730816941342
75.22495126705653
79.1111111111111
75.7084826762246
77.44337546374896
75.91021439570419
79.64247246022032
77.58598979013045
79.78675517134917
79.45712554171955
80.10834505391466
77.6220945083014
76.08893344025661
74.81750486882805
75.39519249560288
75.10970733120834
76.05150627300728
76.65703426733754
78.80531012940651
79.13493975903614
78.82857142857142
81.38884540117417
80.73762588897904
81.35783494821248
76.09756097560975
76.09756097560975
76.09756097560975
77.52613240418118
76.31456121870188
76.31456121870188
76.31456121870188
76.90592334494774
76.28571428571429
77.22751322751323
77.22751322751323
78.16931216931216
77.53388155797794
79.14328481295081
78.82169493038532
77.92396447367476
76.31456121870188
77.30375541444131
78.51532659992061
79.78675517134917
80.13339587242027
81.46923076923076
80.1978021978022
77.08591408591408
73.17382617382617
72.58246404758032
71.52712807920088
70.5388111329892
68.91899313501145
70.5388111329892
72.0546006066734
73.38893344025661
73.98029556650246
77.72055530676221
78.29824293353705
76.86967150496562
74.25882352941176
74.55798319327731
75.68739495798319
74.83071046600458
74.23934833975873
74.53850800362429
74.53850800362427
74.53850800362427
75.15871706285773
76.31456121870188
76.31456121870188
76.31456121870188
77.58598979013044
78.1773519163763
78.49894179894179
78.49894179894179
79.11915085817523
79.11915085817523
77.84772228674667
78.8369164824861
78.8369164824861
79.45712554171955
77.84772228674667
78.1773519163763
79.51318681318682
80.45498575498576
80.45498575498576
80.45498575498576
81.1225900681597
81.1225900681597
81.1225900681597
80.78461538461538
80.45498575498576
78.19978213507625
76.92835356364768
75.98655462184874
74.59047619047618
75.21068524970963
75.83089430894307
78.46793134598012
79.11915085817523
79.44074074074072
76.80370370370369
74.65542784163473
72.55778474399163
70.84506996735934
68.31396438612933
67.00897904888593
67.95610242766878
69.15287517531557
68.66934376614748
69.97432910339089
71.88634956374894
73.95386317536419
73.68113590263692
74.60050462573591
75.4773519163763
76.02907605430734
74.5320197044335
75.47381864623244
76.97087499610628
77.84772228674667
76.31456121870188
76.63615110126737
76.04478897502152
75.48030694542321
73.10993657505284
73.40213903743314
73.68113590263691
73.68113590263692
74.9220945083014
76.1053101294065
76.94251943173208
75.7015608260676
76.66662106703146
77.25798319327731
77.25798319327731
76.60676368108219
77.22697274031563
77.83250073464589
77.21229167541244
76.8984509466437
78.20148587115187
78.20148587115187
78.51532659992061
78.51532659992061
80.82701491160893
81.81620910734836
80.20680585237548
77.89511754068717
75.12987012987013
72.66904063678257
69.03638757555808
67.98105160717864
67.98105160717864
69.40252454417953
68.90853749515085
70.49251969759801
72.40454015795606
73.41446923597024
72.86274509803921
73.46827309236947
75.16351118760757
76.29292295231345
74.83071046600458
75.1370787964693
75.74260679079956
75.46987951807228
74.28666389696717
73.68113590263691
77.06575128725231
78.2489669083574
77.9567644459771
74.844876334089
73.66166071298389
72.29697888318577
72.29697888318577
71.2177822177822
72.017982017982
72.87466650996062
73.40213903743316
72.8627450980392
72.28505747126437
73.12226677358994
73.38893344025661
72.83720930232558
71.47252747252747
73.20746723156361
72.94080056489693
74.30548239469505
75.9551580202743
78.27060517474584
78.8619673009917
76.02907605430734
73.45282303902994
72.57597574838954
73.45282303902994
74.81750486882804
74.265780730897
74.265780730897
74.85714285714286
75.4088669950739
73.98029556650246
73.68113590263691
75.17819225251075
76.01540155483633
74.35851726265793
73.43914853955893
74.97230960760372
78.19978213507625
79.11915085817523
77.02150776053215
75.15871706285772
73.94714587737843
73.67441860465115
73.38893344025661
74.28666389696717
73.75919136949464
72.67999470409109
72.37362637362637
72.90109890109889
73.98029556650246
74.28666389696717
76.33544438477205
76.91313201154689
75.45091952523802
75.45091952523802
75.45091952523802
74.65071972503821
73.73135100193923
74.03051066580478
75.68739495798319
75.39519249560288
75.39519249560288
76.31456121870188
77.21229167541244
76.91313201154689
77.2347218941124
76.92835356364768
78.16931216931216
77.84772228674667
79.11915085817523
79.11915085817523
78.49894179894179
77.84772228674667
76.60676368108219
77.22697274031563
77.22697274031563
78.46793134598012
79.45712554171955
81.51360821180941
81.84323784143903
79.35698729582576
76.98666389696717
76.33544438477205
76.05644751956828
75.15871706285772
74.844876334089
74.844876334089
73.22505833611123
71.76284584980236
73.22505833611123
74.55939116969445
74.83838803489822
74.83838803489822
76.65703426733754
76.1053101294065
73.84289784289783
72.60193923723335
72.33527257056667
73.13547237076648
72.55778474399163
74.87323189846319
75.43771392806148
75.72319909245603
75.1029900332226
76.63615110126737
75.7989417989418
73.5877616747182
71.21739130434783
69.94079555966698
69.94079555966698
69.6741288930003
71.78793394000674
74.94091300602928
77.90757967269593
82.3306443429731
81.69521373163887
80.73015349067502
74.68727082242012
71.43654158969974
68.1858123569794
67.21842105263157
67.70195246179966
68.95107526881719
72.43601502785334
74.59768485707535
75.7015608260676
75.39519249560288
76.965780730897
77.55714285714285
76.96578073089701
76.63615110126737
77.90757967269593
78.49894179894179
79.51318681318682
78.54812657222296
77.9567644459771
75.12387319929276
74.81750486882805
76.68029556650245
77.25798319327731
79.21402714932127
78.88439751969163
82.61985061985061
80.66380666380667
79.42284805814218
75.39519249560288
74.23934833975873
73.38266384778012
72.81818181818181
74.59423503325942
75.15871706285772
76.62092954916659
76.62092954916659
77.21229167541244
76.02907605430734
75.10970733120834
73.41446923597024
73.13547237076648
71.73939393939392
72.55778474399163
73.12226677358994
73.66166071298389
73.10993657505284
73.7012987012987
73.16190476190476
72.89523809523808
72.01839080459769
74.33383795906924
76.33544438477205
76.33544438477205
76.02160365600332
74.55939116969445
75.1370787964693
74.53155080213904
74.53155080213904
73.67486631016043
72.81818181818181
73.67486631016043
73.67486631016043
73.40213903743316
73.7012987012987
75.7989417989418
78.49894179894179
79.44074074074072
78.80531012940651
77.84024988844264
76.02160365600332
75.41607566167306
73.41446923597024
69.60060917570911
68.47119741100323
69.86727584237578
73.68113590263691
73.95386317536419
74.55939116969445
75.74260679079956
76.59929128277817
75.1370787964693
75.1370787964693
74.00766703176342
73.73493975903614
72.83720930232558
73.67441860465115
75.72319909245604
75.72319909245603
77.25636016050082
76.94251943173208
76.65703426733754
75.12387319929276
74.2261427425822
74.2261427425822
72.60632474460445
71.50244877561218
71.78793394000674
74.30548239469505
76.62092954916659
76.91313201154689
76.91313201154689
77.90232620728634
77.04564171530771
77.04564171530771
73.48019450429088
73.48019450429088
72.017982017982
72.54545454545453
75.65734265734265
78.42259006815969
80.15752982719583
78.20148587115187
76.00072048993314
76.31456121870188
77.25636016050082
78.15409061721138
76.94251943173208
76.30708882039787
76.00072048993314
76.8984509466437
76.29292295231345
76.9131320115469
77.87819225251076
79.11915085817523
81.1756335282651
83.73590750086784
86.6258111031002
88.18721461187214
89.44122635355511
88.2862155388471
86.00416425679583
81.86024891288048
78.59219505731133
77.57795004306631
79.68757967269593
82.23498575498576
82.56461538461538
81.82487512487512
81.47823442380404
81.47823442380404
78.86738644825019
78.52941176470588
78.52941176470588
79.44878048780487
77.30050462573591
75.43771392806148
75.12387319929276
76.00072048993314
76.592082616179
75.69435215946844
76.63615110126737
76.63615110126737
76.92835356364768
75.68739495798319
76.95882352941176
78.52941176470588
79.77037037037036
79.11915085817523
78.46793134598012
78.14634146341463
78.14634146341463
77.83250073464589
75.25624771936847
73.75919136949464
75.06222629400281
74.07390934779113
73.79491248258736
71.59414710136863
76.14791125859716
77.92396447367476
79.45712554171955
77.54856262288112
76.92835356364768
76.29292295231345
76.29292295231345
76.9131320115469
77.54856262288112
82.50365790042876
86.96916312690959
90.68329979879275
88.70405591443395
83.31918196485414
80.97493466286036
77.9990832696715
77.42139564289666
73.68113590263692
73.10344827586206
71.03593466424681
72.1653464289527
73.0421937195931
77.25798319327731
78.49894179894179
79.44074074074072
78.47568049977687
76.94251943173208
74.844876334089
73.94714587737843
75.15871706285773
77.25636016050082
78.46793134598012
79.11915085817523
78.1773519163763
78.82857142857142
78.1773519163763
78.1773519163763
76.31456121870188
74.53850800362427
74.844876334089
76.37803740213377
78.80531012940651
79.77037037037036
79.77037037037036
79.77037037037036
79.77037037037036
78.82857142857142
77.25798319327731
75.68739495798319
76.62919389978214
76.92835356364768
77.53388155797794
76.8984509466437
78.85449490268766
82.37982911625426
86.72939639947164
90.30130275398668
90.30130275398669
87.25477039527748
81.72682008471847
78.8369164824861
78.49894179894179
79.11915085817523
77.58598979013045
76.93477027793533
77.92396447367476
79.45712554171955
79.45712554171955
78.15409061721138
77.51866000587715
78.5078542016166
80.15752982719583
82.16284980841942
82.16284980841942
81.81620910734836
81.11392405063292
81.460564751704
81.460564751704
81.1225900681597
79.78675517134917
78.48372024684102
77.83250073464589
79.1683356314564
80.47137055596457
81.460564751704
80.7759493670886
80.7759493670886
80.10834505391466
79.45712554171955
77.54856262288112
77.54856262288112
77.54856262288112
78.46793134598012
78.14634146341463
78.79756097560974
79.11915085817523
78.80531012940651
77.23472189411238
76.59929128277817
76.9131320115469
77.21229167541244
76.60676368108219
75.68739495798319
76.62919389978214
78.53775681862055
80.10834505391466
80.7759493670886
80.4379746835443
80.7759493670886
79.47291444258045
77.32463858051148
73.25440583245106
70.48720800889878
70.77269317329332
72.93436300251533
75.7015608260676
76.9131320115469
78.82169493038532
79.78675517134917
79.78675517134917
77.87819225251076
76.01540155483633
75.7015608260676
76.62092954916659
77.83250073464589
77.83250073464589
78.48372024684102
80.17519949929587
83.70053371286247
86.26080768546521
85.90516332982085
85.50975422208299
85.50975422208299
87.38541281007033
88.605054987459
89.85906672914196
90.68329979879275
90.2654594232059
88.61603857378505
86.63679468942627
84.71038776301933
82.88349758169878
82.88349758169878
82.88349758169878
82.54552289815447
80.48904022806461
77.30050462573591
76.02907605430734
75.4088669950739
75.98655462184874
75.98655462184874
75.10970733120834
75.10970733120834
75.10970733120834
75.10970733120834
74.5320197044335
72.8367816091954
73.12226677358994
72.84326990838618
73.38266384778012
73.09717868338558
73.66166071298389
73.66166071298389
73.94714587737843
73.94714587737843
75.1029900332226
74.81750486882804
74.5320197044335
73.37617554858934
73.95386317536419
74.53155080213904
75.38823529411765
74.8105476673428
75.41607566167306
76.65703426733754
77.84024988844264
77.53388155797794
76.29292295231345
76.60676368108219
76.01540155483633
75.43771392806148
74.2261427425822
75.12387319929276
77.61012374490602
79.47291444258045
80.10834505391466
78.49894179894179
76.92835356364768
79.42284805814216
81.03225131311505
86.41712526269488
88.06654611211572
88.76883116883116
82.52727272727272
78.71298701298701
79.45272727272726
79.73172413793102
77.03172413793104
70.80172413793103
69.98333333333332
73.02130801687764
76.8200885046825
78.82169493038532
78.82169493038532
79.81088912612475
79.81088912612475
78.82169493038532
78.15409061721138
78.46793134598012
78.15409061721138
77.21229167541244
76.29292295231345
77.25798319327731
77.56435152374202
77.86351118760757
76.00072048993314
74.53850800362427
74.53850800362429
75.12987012987013
76.90592334494774
76.90592334494774
76.60676368108219
76.60676368108219
77.54856262288112
78.78952122854561
79.1111111111111
79.1111111111111
79.1111111111111
78.47568049977687
78.15409061721138
76.91313201154689
77.22697274031563
76.60676368108219
76.02907605430734
74.25302283922973
73.37617554858934
74.55939116969445
76.02160365600332
78.16987951807228
79.47291444258045
81.84323784143903
82.88349758169878
82.88349758169878
80.51317418284019
77.32463858051148
75.7152353255386
75.10970733120834
74.83071046600458
72.87466650996062
71.47858807858807
72.33527257056667
73.99215686274509
75.38823529411765
75.09603283173735
75.7015608260676
77.61012374490602
78.82169493038532
78.82169493038532
76.91313201154689
76.59929128277817
76.9131320115469
76.91313201154689
76.30760401721663
74.25882352941176
74.55798319327731
74.85714285714286
75.98655462184874
75.10970733120834
75.10970733120834
76.02907605430734
77.52613240418118
76.93477027793533
75.43771392806148
75.12387319929276
76.02160365600332
76.59929128277817
75.41607566167306
74.5183452049625
75.12387319929276
76.00072048993314
77.21229167541244
78.1773519163763
79.11915085817523
79.44074074074072
78.16931216931216
77.84772228674667
76.90592334494774
76.02907605430734
74.5320197044335
74.23286004056796
75.10970733120834
75.98655462184874
77.22751322751323
78.49894179894179
79.44074074074072
79.44074074074072
79.44074074074072
80.45498575498576
81.1225900681597
81.460564751704
80.44631973745898
80.79296043853006
81.49524549524548
82.86513486513486
83.2207792207792
88.34205794205793
88.34205794205793
90.26846486846486
84.10692640692639
82.41544715447154
76.22130796033234
77.62657111822708
76.70720239512808
79.60504529297098
77.87015250544661
79.1111111111111
79.77871542428504
80.10834505391466
78.86738644825019
76.66662106703146
75.09603283173735
76.01540155483633
76.60676368108219
76.31456121870188
75.10299003322258
75.72319909245604
77.25636016050082
79.11915085817523
79.11915085817523
78.1773519163763
76.31456121870188
75.10299003322258
73.40775193798449
71.0547531619747
68.23816241635015
68.23816241635015
69.22647936256183
71.2058608058608
71.74525474525474
74.0076670317634
75.43623846033483
76.29292295231345
75.10970733120834
74.23286004056796
74.83838803489822
75.12387319929276
75.4093583636873
74.51162790697674
75.72319909245604
77.25636016050082
77.54856262288112
74.9723096076037
71.81933054158118
71.24164291480633
71.24164291480633
71.49677908298597
71.2177822177822
73.17382617382617
75.12987012987013
75.4088669950739
74.81750486882804
74.81750486882805
76.63615110126737
78.49894179894179
79.11915085817523
77.58598979013045
75.43771392806148
75.12387319929276
75.12387319929276
75.4093583636873
74.2261427425822
74.5183452049625
76.71911058618122
79.20536113179449
84.16045640934213
88.53424643168017
88.88088713275125
84.84516057830261
83.51790291467378
81.26269929476427
78.94725214029273
71.11274509803921
67.77925170068026
63.46410018552875
65.48682745825602
69.42584884994523
74.28039430449068
76.7076670317634
76.7076670317634
77.27214906136172
74.57214906136173
71.56061355764473
69.20761478163493
68.1753567171188
68.66934376614748
70.45786051255897
72.61953034178097
73.95386317536419
74.23286004056796
72.8367816091954
71.75758494379184
71.2058608058608
72.0242516104585
73.10344827586206
72.8367816091954
72.8367816091954
73.12226677358994
74.81750486882805
75.69435215946844
75.4088669950739
74.5320197044335
74.83838803489822
75.41607566167306
76.29292295231346
75.68739495798319
76.29292295231345
76.9131320115469
77.83250073464589
78.14634146341463
78.46793134598012
79.45712554171955
81.88834505391466
83.9979746835443
85.06526315789472
83.96987854251012
82.52785322605442
80.15752982719583
76.50624777591378
72.43601502785334
72.74985575662208
72.23391372763658
71.5161717921527
67.48800986104885
66.29123711340206
66.52544763971784
68.77755635574408
70.75693779904306
73.40213903743314
74.25882352941176
75.99376328844791
75.99376328844791
74.86435152374202
72.3468030690537
70.43478260869566
70.98650674662669
70.98650674662669
71.50244877561218
70.68405797101448
72.59607843137253
74.59768485707535
75.41607566167306
74.55939116969445
73.66166071298389
73.94714587737843
72.891809908999
71.02234254215728
69.91846657316503
71.25279940674824
71.75758494379184
72.0242516104585
70.94505494505493
71.2058608058608
72.63443223443223
74.59047619047618
75.69435215946844
75.39519249560288
76.01540155483633
76.30760401721663
75.45091952523802
74.83071046600458
76.07166907166906
77.53388155797794
77.23472189411238
75.7015608260676
76.33699143740182
77.57795004306631
78.47568049977687
77.23472189411238
77.56435152374202
78.52941176470588
79.13493975903613
78.80531012940651
78.47568049977687
78.47568049977687
77.84024988844264
77.20481927710843
77.84024988844266
77.23472189411238
76.33699143740182
75.39519249560288
76.31456121870188
77.21229167541244
77.21229167541244
77.53388155797794
78.16931216931216
78.16931216931216
76.92835356364768
76.60676368108219
76.01540155483633
76.31456121870188
76.31456121870188
77.21229167541244
77.51866000587715
77.51866000587717
78.48372024684102
80.48904022806461
81.82487512487512
81.49524549524548
79.80376624279063
77.54856262288112
74.65071972503821
72.60193923723335
72.30973677485305
72.57054263565891
72.04307010818638
71.2058608058608
73.20746723156361
75.16351118760757
76.8984509466437
76.29292295231345
76.9131320115469
76.60676368108219
76.02907605430734
74.81750486882804
75.12387319929276
76.00072048993314
75.7152353255386
74.25302283922973
74.25302283922974
74.25302283922973
74.5320197044335
73.65517241379311
74.83838803489822
74.55939116969445
73.74100036509674
72.27878787878787
73.74100036509674
75.1370787964693
75.7015608260676
74.5183452049625
74.2261427425822
75.12387319929276
76.94251943173208
78.15409061721138
78.15409061721138
78.48372024684102
78.48372024684102
77.87819225251076
76.01540155483633
75.39519249560288
74.53850800362427
73.7012987012987
72.0060606060606
73.46827309236947
74.30548239469505
75.7015608260676
74.5183452049625
75.41607566167306
76.33544438477205
77.51866000587715
76.62092954916659
75.7015608260676
75.09603283173735
74.53155080213904
73.67486631016043
74.59423503325942
76.69187813090251
78.78952122854561
78.78952122854561
78.46793134598012
75.31495227995758
73.2661717921527
71.76911544227886
73.10344827586206
73.65517241379311
76.48806366047745
76.20906679527369
76.78675442204853
73.95386317536419
73.15366337516438
73.75919136949464
71.6916777578794
77.0840151502168
78.04907539118065
82.60283954840916
78.28969882147534
79.32995856173508
78.34076436599565
79.8378207158695
77.52613240418118
76.02907605430734
74.81750486882804
75.4377139280615
76.62092954916659
77.51866000587715
77.51866000587717
79.52397998710074
81.52929996832435
82.51849416406378
81.47823442380404
80.4379746835443
78.52941176470587
76.10213903743315
73.95386317536419
73.66166071298389
72.86146091278408
71.27747871033692
70.44026940801135
70.96774193548387
72.0
72.83720930232558
75.20757967269594
78.24555435624025
80.10834505391466
79.78675517134917
79.11915085817523
79.11915085817523
78.80531012940651
76.16827309236947
74.0199972303005
72.01839080459769
71.5024487756122
70.95072463768116
74.25536598789213
75.31070195627157
76.14791125859715
73.94714587737843
77.77968176254589
78.99125294802519
80.8540436456996
75.47218474312402
78.68367822792187
77.71861798695802
81.04399421944376
77.21229167541244
76.31456121870188
75.69435215946844
76.31456121870188
77.84772228674667
78.46793134598012
77.84772228674667
76.31456121870188
75.69435215946844
75.69435215946844
75.98655462184874
75.39519249560288
75.39519249560288
75.10299003322258
74.53850800362427
73.38266384778012
74.28039430449068
77.3922824163788
81.59955514365151
84.72948024948025
85.0851246051246
82.65390509292948
77.52237356139794
72.26632434745399
68.7017543859649
68.7017543859649
68.7017543859649
68.7017543859649
67.93616298811544
70.0036765997307
72.07119021134594
74.53201970443351
76.68029556650245
76.68029556650247
76.38113590263691
75.41607566167306
74.59768485707535
72.94080056489693
73.57623117623116
75.57783760193398
76.1053101294065
74.28666389696717
73.98029556650246
76.68029556650245
78.1773519163763
77.02150776053215
78.06176750079189
78.38335738335738
79.24004187533599
77.23472189411238
76.59929128277817
77.20481927710843
76.59929128277817
75.41607566167306
73.95386317536419
74.55939116969445
75.74260679079956
77.84024988844266
78.47568049977687
79.44074074074072
79.11915085817523
77.87819225251076
75.72991639044179
75.10970733120834
74.81750486882804
74.81750486882804
73.94065757818765
74.83838803489822
77.67127928158257
80.15752982719583
81.1225900681597
80.4379746835443
79.44878048780487
77.02150776053215
74.59423503325941
73.09717868338558
73.09717868338558
72.8244514106583
72.8244514106583
75.58969882147534
77.9600691918457
79.14328481295081
78.15409061721138
78.15409061721138
79.45712554171955
78.53775681862055
78.21616693605506
76.91313201154689
77.83250073464589
77.21229167541244
77.52613240418118
77.52613240418118
78.79756097560974
80.13339587242027
81.82487512487512
81.49524549524548
80.15941059843499
79.11915085817523
78.48372024684102
78.48372024684102
78.15409061721138
80.15941059843499
80.48100048100048
78.94783941295569
76.33699143740182
77.00459575057576
79.90764618850991
85.29252013808976
87.11941031941032
91.25974759407595
95.19707478301605
95.99887658481785
93.78494623655914
88.59360730593606
84.35551206784083
85.20313111545987
83.68311688311687
85.63916083916084
81.49524549524548
79.18355718355718
78.49894179894179
79.16654611211573
81.1225900681597
81.460564751704
81.80720545277508
82.52785322605442
82.87449392712551
80.91844997108154
76.28571428571428
73.73830820342448
72.86146091278408
73.38893344025661
72.02425161045849
72.30973677485305
74.04467653388919
75.7015608260676
75.99376328844791
75.09603283173735
76.01540155483633
76.93477027793533
77.22697274031563
75.45091952523802
75.77250940780351
75.19482178102866
76.65703426733754
76.02160365600332
76.59929128277817
76.9131320115469
76.91313201154689
77.51866000587715
77.51866000587717
78.82169493038532
79.13553565915406
78.82169493038532
77.83250073464589
78.82169493038532
79.78675517134917
80.4379746835443
81.50526315789472
82.18987854251012
91.69326837301858
94.54452695425428
94.54452695425428
84.71150749411618
84.26927146927146
83.58465608465607
88.62605042016806
85.49638009049774
86.53663983075748
85.20938216712864
87.49143344917992
88.23117370892018
87.01153153153152
86.20972972972973
87.3963963963964
87.79180550413426
88.18721461187214
86.26080768546521
85.10579687075722
84.32552289815447
84.69052631578947
85.4501280227596
86.23040199536233
86.23040199536234
84.75015251511286
81.53865903031499
80.47137055596457
80.12472985489349
80.12472985489349
79.13553565915406
78.46793134598012
80.15941059843499
82.21589326852484
83.23013828276986
82.18987854251012
80.78461538461538
81.14025974025972
80.17519949929587
78.60461126400176
75.99376328844791
74.8105476673428
74.8105476673428
74.23286004056796
74.8105476673428
76.05150627300728
79.24004187533598
82.97549497549497
85.46998946998946
86.20972972972973
84.72948024948025
83.96987854251012
83.59514170040485
83.59514170040485
82.52785322605442
81.1225900681597
81.84323784143903
82.18987854251012
83.23013828276986
82.86513486513486
83.5857826384142
81.2740943267259
79.90420495683654
77.22751322751323
78.8369164824861
79.16654611211573
79.78675517134917
79.11915085817523
78.46793134598012
78.15409061721138
77.83250073464589
77.21229167541244
76.90592334494774
76.28571428571429
77.22751322751323
78.16931216931216
79.1111111111111
79.77871542428504
81.14860479417442
82.51849416406378
82.86513486513486
81.82487512487512
80.13339587242027
79.44878048780487
78.79756097560974
78.48372024684102
77.21229167541244
77.21229167541244
77.52613240418118
77.22697274031563
76.01540155483633
75.09603283173735
76.01540155483633
76.91313201154689
76.62092954916659
75.4093583636873
75.1029900332226
76.00072048993314
76.592082616179
76.592082616179
76.90592334494774
78.8619673009917
81.17365561268
82.50949050949052
82.16284980841942
80.47137055596457
79.78675517134917
79.78675517134917
80.10834505391466
79.77871542428504
79.44074074074072
80.45498575498576
81.82487512487512
82.86513486513486
83.5857826384142
84.32552289815447
85.06526315789472
84.70025974025972
82.92025974025972
80.48904022806461
79.78675517134917
79.45712554171955
79.77871542428504
78.78952122854561
80.52441401606998
82.6340436456996
84.69052631578947
83.96987854251012
83.23013828276986
82.86513486513486
81.52929996832435
78.9184519927705
76.91313201154689
76.59929128277817
76.89845094664372
76.29292295231345
75.98655462184874
75.98655462184874
76.28571428571429
76.90592334494774
79.58261507427105
81.53865903031499
82.52785322605442
81.460564751704
80.12472985489349
79.13553565915406
76.37028824833702
74.59423503325941
76.65071770334927
78.42677091842688
79.58261507427105
76.60676368108219
76.92835356364768
77.54856262288112
78.15409061721138
76.33544438477205
75.12387319929276
74.81750486882805
75.10299003322258
73.99911406423033
72.84326990838618
72.55778474399163
73.95386317536419
74.8105476673428
75.09603283173735
75.7015608260676
76.62092954916659
78.15409061721138
78.46793134598012
79.11915085817523
80.48904022806461
81.47823442380404
80.20680585237548
78.8369164824861
77.84772228674667
78.46793134598012
77.52613240418118
78.51532659992061
79.16654611211573
81.47823442380404
85.39678147939017
88.36344814605684
90.70769544805061
91.63177072384556
94.32874042081525
97.61923337856173
98.60017482517482
99.61153846153846
100.14130036630036
101.1845238095238
99.69012082444917
95.86986596194079
90.82996892204375
89.03387894937191
89.03387894937191
88.64901408450703
84.93487741262388
81.22074074074072
80.12535612535612
81.86024891288048
83.96987854251012
83.96987854251012
82.9025900681597
81.80720545277508
82.52785322605442
82.52785322605442
79.98044714376462
76.14791125859715
73.38266384778012
74.28039430449068
76.05644751956828
77.83250073464589
77.52613240418118
77.21229167541244
76.8984509466437
76.30708882039787
73.78954036570954
71.02234254215728
70.73685737776273
71.79219334614217
73.37617554858934
73.66166071298389
76.08893344025661
78.57518398586988
81.1225900681597
81.460564751704
81.460564751704
80.7759493670886
79.16654611211573
76.68029556650247
75.10970733120834
74.23286004056796
73.15366337516438
71.75758494379184
72.63443223443223
75.53227513227512
77.84772228674667
78.15409061721138
78.48372024684102
78.80531012940651
78.49894179894179
76.07166907166906
73.43463203463202
73.13547237076648
73.41446923597024
74.23286004056796
73.37617554858934
74.87323189846319
75.75007918910357
76.60676368108219
74.83071046600458
73.13547237076648
72.55778474399163
72.55778474399163
72.29697888318577
72.017982017982
72.58246404758032
75.48030694542322
74.94091300602926
73.83703703703702
72.30387596899223
73.69995440036479
74.5183452049625
74.5183452049625
75.12387319929276
78.31240880162146
80.85981488391127
82.50949050949052
81.13960113960114
80.12535612535612
78.78952122854561
78.78952122854561
80.52441401606998
79.60504529297098
76.70720239512809
74.65071972503823
76.22130796033234
78.1773519163763
78.1773519163763
78.1773519163763
79.11915085817523
79.44074074074072
78.47568049977687
79.14328481295081
79.81088912612475
80.7759493670886
80.4379746835443
80.4379746835443
81.47823442380404
81.81620910734836
81.14860479417442
78.53775681862055
76.33699143740182
75.7015608260676
75.7015608260676
76.29292295231346
75.68739495798319
76.92835356364768
78.88439751969163
81.13960113960114
81.13960113960114
80.12535612535612
79.44074074074072
84.48213507625272
87.77843137254902
88.81869111280875
85.14718614718615
82.18051948051948
80.17519949929587
80.54020291693087
78.11293018965814
75.59538173496983
70.96264604960257
72.42485853591144
73.75919136949464
76.65703426733754
77.9600691918457
79.77871542428504
79.45712554171955
78.15409061721138
75.78372024684101
74.0076670317634
72.8244514106583
72.8244514106583
72.55172413793103
71.21739130434783
69.7016018306636
69.97432910339089
71.59414710136863
73.94714587737843
73.67441860465115
72.83720930232558
73.42857142857143
74.55798319327731
75.68739495798319
74.53155080213904
73.13547237076648
72.0060606060606
71.73333333333332
70.96774193548387
69.69114619080301
67.94114619080301
68.19079555966698
69.7401185770751
72.04184271500613
74.55939116969445
76.33544438477205
78.48372024684102
79.11915085817523
79.44074074074072
77.87015250544661
77.54856262288112
76.91313201154689
77.21229167541244
75.7152353255386
75.7152353255386
76.65703426733754
79.84556986966624
79.84556986966625
78.02692363722691
76.33544438477205
75.15222876366694
75.72991639044179
74.5183452049625
76.66662106703146
76.37441860465115
76.66662106703146
78.0718842249262
79.2834554104055
83.41431761830235
84.17391932527246
88.20964587972112
93.96576534974133
95.61518619916217
96.04496487119437
91.11307847082495
88.70405591443395
88.70405591443397
87.48441373704532
86.41712526269488
81.63777930744531
80.51317418284017
81.58046265719062
83.23013828276986
84.35474340737498
83.28745493302455
83.28745493302455
82.16284980841942
81.82487512487512
80.17519949929587
76.98666389696717
75.7152353255386
74.81750486882804
74.53850800362427
73.38266384778012
73.09717868338558
74.87323189846319
76.33544438477205
76.91313201154689
76.59929128277817
77.2347218941124
78.80531012940651
79.77037037037036
79.13493975903613
76.7076670317634
75.1370787964693
75.1370787964693
75.99376328844791
76.29292295231346
75.39519249560288
76.31456121870188
77.58598979013044
81.61364535266974
84.04486486486485
84.72948024948025
80.99402714932127
76.24736048265459
73.41446923597024
72.28505747126437
72.55172413793103
70.48421052631579
70.75693779904306
71.30866193697409
73.37617554858934
74.23286004056796
75.41607566167306
77.56435152374202
78.80531012940651
80.10834505391466
80.79296043853006
80.79296043853006
80.12535612535612
78.16931216931216
76.35066593687283
74.81750486882804
75.12387319929276
75.4093583636873
74.57214906136173
73.96662106703145
75.17819225251075
78.21616693605506
80.47137055596457
80.79296043853006
80.79296043853006
86.78334505391467
83.38071661902818
82.07768169452001
76.80794485241475
78.11293018965814
75.59538173496983
72.61953034178097
72.3468030690537
73.40213903743314
74.32150776053214
74.32150776053214
75.17819225251075
75.49978213507625
75.77250940780351
79.12309764309762
79.45272727272726
82.2179746835443
80.10834505391466
79.14328481295081
78.15409061721138
76.05644751956828
76.69187813090251
74.9158249158249
77.013468013468
77.34309764309762
81.93523523523523
82.26486486486485
82.94948024948025
80.13339587242027
80.13339587242027
78.48372024684102
77.27214906136172
74.844876334089
74.53850800362429
75.75007918910357
76.31456121870188
74.61932312346377
72.57054263565891
73.16190476190476
73.7012987012987
75.75007918910357
74.87323189846317
75.15222876366694
74.83838803489822
76.65703426733754
78.15409061721138
78.15409061721138
77.51866000587715
76.59929128277817
76.29292295231346
74.29131652661064
73.99911406423034
73.12226677358994
73.38893344025661
72.28505747126437
73.46827309236947
75.51705358017435
79.1683356314564
80.13339587242027
79.81955514365153
78.80531012940651
76.37803740213377
75.77250940780351
71.65213903743316
72.50882352941176
72.50882352941176
74.53155080213904
74.83071046600458
76.07166907166906
78.8369164824861
82.27320991877954
81.95162003621405
81.28401572304011
76.15248419150856
74.65542784163473
71.5024487756122
73.504055201315
71.43654158969974
73.0563595876775
73.37020031644624
74.35851726265793
74.65071972503823
74.03051066580478
74.83071046600458
72.91869000564652
72.04184271500613
72.04184271500613
74.87323189846319
76.05644751956828
78.15409061721138
76.94251943173208
77.57795004306631
77.90757967269593
79.11915085817523
77.87819225251076
77.22697274031563
76.60676368108219
77.52613240418118
76.90592334494774
76.60676368108219
75.68739495798319
75.99376328844791
75.7015608260676
76.00072048993314
74.53850800362427
76.07166907166906
76.69187813090251
77.54856262288112
76.01540155483633
73.96662106703147
74.265780730897
74.85714285714286
76.28571428571429
76.90592334494774
78.51532659992061
80.12472985489349
81.81620910734836
82.16284980841942
82.16284980841942
80.47137055596457
79.45712554171955
78.46793134598012
78.78952122854561
77.54856262288112
77.54856262288112
76.91313201154689
78.82169493038532
79.47291444258045
80.10834505391466
78.19978213507625
78.88439751969163
78.56280763712614
80.13339587242027
79.78675517134917
81.84323784143903
82.52785322605442
82.87449392712551
80.50417052826691
79.48992551402189
77.53388155797794
77.84772228674667
80.34221678124118
77.8813872881536
77.8813872881536
75.06530291109362
80.20282413350449
80.20282413350449
80.20282413350449
76.93477027793533
76.62092954916659
80.65665610361523
81.5543865603258
81.86822728909453
77.83250073464589
80.96242584047462
82.65390509292948
85.46998946998946
85.46998946998946
85.46998946998946
82.03369603369603
79.53920153920154
77.22751322751323
76.63615110126737
74.53850800362427
73.94714587737843
74.23934833975873
74.5183452049625
72.40454015795606
71.0084617265835
71.29394689097805
74.30548239469505
75.7015608260676
75.1370787964693
74.83071046600458
74.83071046600458
74.83071046600458
73.67486631016043
73.97402597402598
75.12987012987013
76.28571428571429
76.28571428571429
76.592082616179
74.13125312309144
74.13125312309144
72.66904063678257
72.91869000564652
70.70750988142292
69.65217391304348
70.16811594202898
70.68405797101448
71.46666666666665
72.57054263565891
73.67441860465115
74.51162790697674
75.1029900332226
76.63615110126737
77.53388155797794
78.15409061721138
77.83250073464589
79.13553565915406
79.45712554171955
80.10834505391466
79.77037037037036
80.4379746835443
79.78675517134917
78.82169493038532
80.26372024684102
81.25291444258045
82.5559493670886
79.81088912612475
77.32463858051148
76.02160365600332
76.02160365600332
76.59929128277817
75.99376328844791
75.6873949579832
76.29292295231345
76.8984509466437
77.84024988844266
78.47568049977687
79.77871542428504
80.10834505391466
81.1225900681597
80.13339587242027
79.1683356314564
75.78372024684101
74.0076670317634
68.42367066895368
69.26087997127927
68.988152698552
72.0546006066734
70.95072463768116
72.37929606625258
75.21068524970963
77.21229167541244
76.91313201154689
76.59929128277817
74.86435152374202
80.69146149816657
77.92426367461431
75.72018204196124
67.98105160717864
70.14272143640065
75.04680306905371
77.56435152374202
78.80531012940651
78.15409061721138
79.11915085817523
77.30050462573591
77.30050462573591
75.43771392806148
80.14626376273318
76.34748327492832
76.34748327492831
75.1924724602203
85.80401092175877
90.63346828609986
90.26846486846486
90.26846486846486
87.6397728853425
86.93748782862707
79.50452079566004
78.8369164824861
76.63615110126737
81.72186538698165
81.40027550441616
83.26306620209058
77.58598979013045
78.92182468694097
80.32708784483569
81.86024891288048
79.90420495683654
78.49894179894179
80.99343629343629
84.04486486486485
85.4501280227596
82.9556335282651
81.51360821180941
81.14860479417442
82.51849416406378
82.18051948051948
81.14025974025972
79.44878048780487
80.8540436456996
83.01890851056447
85.07539118065432
84.35474340737498
80.619290307216
77.9425985778927
78.29824293353704
80.9090909090909
82.18051948051948
80.48904022806461
78.48372024684102
77.83250073464589
76.91313201154689
75.45091952523802
75.45091952523802
76.69187813090251
78.46793134598012
79.11915085817523
79.78675517134917
81.1225900681597
81.1225900681597
79.81955514365153
78.48372024684102
78.48372024684102
79.44878048780487
80.1
81.14025974025972
82.54552289815447
83.9507860560492
84.69052631578947
85.4501280227596
83.71523523523523
80.36464699994112
77.23472189411238
77.2347218941124
77.23472189411238
77.54856262288112
77.54856262288112
80.52441401606998
81.86024891288048
83.59514170040485
84.35474340737498
85.83499288762445
85.11434511434511
82.94948024948025
79.81955514365153
79.13493975903614
77.86351118760757
76.96578073089701
75.39519249560288
76.01540155483633
76.91313201154689
77.51866000587715
76.89845094664372
78.20148587115187
80.57180927001048
82.52785322605442
81.86024891288048
80.12535612535612
79.44074074074072
80.45498575498576
81.82487512487512
83.98973998973999
82.65390509292948
80.04305711737562
74.39558355685858
73.77537449762514
73.19768687085029
74.25302283922973
73.95386317536419
75.77250940780351
77.54856262288112
79.45712554171955
81.19201832924392
84.40351181404178
85.10579687075722
84.38514909747786
83.23013828276986
82.18987854251012
81.50526315789472
79.77037037037036
80.10834505391466
81.51360821180941
81.84323784143903
80.23383458646616
78.1773519163763
77.52613240418118
78.46793134598012
79.45712554171955
79.45712554171955
81.56675517134917
83.78905446040761
87.40694063926941
86.66720037952913
85.14718614718615
82.51849416406378
81.81620910734836
81.460564751704
80.15752982719583
77.9567644459771
76.62092954916659
78.6262495303902
81.52929996832435
82.86513486513486
83.23013828276986
82.52785322605442
84.40351181404178
85.96491532281371
86.66720037952913
84.79154179154179
81.17365561268
79.80376624279063
81.67942483077798
82.3306443429731
82.3306443429731
77.90757967269595
76.63615110126737
75.10299003322258
74.53850800362427
73.38266384778012
74.28039430449068
75.1370787964693
76.29292295231346
76.92835356364768
79.53920153920154
81.49524549524548
82.16284980841942
80.47137055596457
78.21616693605506
77.87819225251076
77.56435152374202
77.56435152374202
76.9131320115469
79.65819225251076
83.00878048780487
85.06526315789472
82.01383458646616
77.53383458646616
77.90857142857143
73.62851485148514
83.00351485148514
78.52351485148515
80.09840425531914
72.77218474312403
73.6093940454496
74.88598979013045
73.96662106703145
75.49978213507625
76.92835356364768
77.53388155797794
77.21229167541244
78.48372024684102
79.44878048780487
79.77037037037036
78.80531012940651
77.23472189411238
76.29292295231346
75.98655462184874
75.12987012987013
73.7012987012987
72.27272727272727
70.96774193548387
70.96774193548387
72.09715370018975
74.25882352941176
75.38823529411765
74.8105476673428
74.8105476673428
73.95386317536419
73.13547237076648
71.73939393939392
72.30387596899223
74.94091300602928
77.25636016050082
78.15409061721138
76.91313201154689
75.99376328844791
74.53155080213904
73.67486631016043
72.81818181818181
74.59423503325942
77.02150776053213
79.78675517134917
81.1225900681597
82.16284980841942
81.49524549524548
79.53920153920154
78.49894179894179
78.1773519163763
77.02150776053215
74.59423503325941
75.24545454545454
78.35734265734266
81.1225900681597
80.47137055596457
79.45712554171955
80.89915085817523
82.9556335282651
84.69052631578947
83.59514170040485
81.22481830154626
81.59955514365151
82.32020291693087
87.54178489702517
90.01830663615559
90.01830663615559
85.76178489702517
83.28526315789472
82.2179746835443
82.9025900681597
81.460564751704
77.63998137250752
75.68393741646356
72.91869000564652
74.25302283922973
76.20906679527369
79.67659926280615
80.25428688958101
78.60461126400176
75.7015608260676
75.12387319929276
73.38893344025661
73.10344827586206
74.9220945083014
76.97087499610628
77.25636016050082
74.88598979013045
73.38893344025661
73.98029556650246
74.81750486882804
74.265780730897
72.30973677485304
72.60193923723335
73.15366337516438
73.95386317536419
72.8244514106583
74.0076670317634
76.43493975903613
79.47291444258045
80.10834505391466
78.24555435624025
76.04478897502152
74.80383036935704
76.01540155483633
76.60676368108219
76.90592334494774
75.98655462184874
77.25798319327731
77.87819225251076
81.22878048780487
81.22878048780487
82.2179746835443
81.84323784143903
84.40351181404178
86.23040199536234
86.23040199536234
82.70506778179573
78.67741221925645
74.844876334089
77.58993657505285
75.72046920821114
77.81811230585424
70.69811230585424
74.43037037037035
74.10878048780486
81.22878048780487
84.61328753005839
87.82478101485626
87.45004417275098
84.75015251511286
82.18987854251012
82.56461538461538
86.13652173913042
89.52102878138395
90.30130275398669
86.04478101485626
81.08968573730861
79.56967150496561
76.60300483829894
73.95780359990886
65.99532163742688
65.99532163742688
64.8711111111111
67.81673758865247
68.92061355764473
71.29394689097805
73.40775193798449
74.94091300602928
74.94091300602926
73.57623117623116
71.2058608058608
70.94505494505493
71.2058608058608
70.93919413919411
71.19999999999999
72.59607843137253
74.29131652661064
75.98655462184874
77.22751322751323
78.16931216931216
77.57795004306631
76.33699143740182
76.33699143740182
76.92835356364768
77.84772228674667
76.90592334494774
77.21229167541244
77.21229167541244
77.51866000587715
78.82169493038532
79.81088912612475
79.81088912612475
82.85742148483396
82.18981717166002
84.56014057051863
82.21589326852484
83.23013828276986
83.60487512487512
83.60487512487512
82.5906301106301
81.14860479417442
83.92263076820038
84.25226039783001
84.95454545454544
82.18051948051948
83.2207792207792
83.96051948051948
86.30476678251325
87.82478101485626
85.07972077389239
87.35885009527524
84.14735661047737
88.49692389369476
81.86822728909453
82.51944680128966
79.13493975903614
80.1
82.26486486486485
84.42972972972973
84.42972972972973
86.07915057915056
89.57792207792207
95.24155844155842
98.10227272727272
96.25292207792207
95.30105042016805
92.88257215929849
93.32480818414322
91.99755052051438
91.12553582363748
91.12553582363748
91.12553582363748
91.99755052051438
91.55531449566966
89.57607061131088
88.70405591443397
91.0513086616867
92.61271217045865
89.22820512820512
81.20387596899224
76.96578073089701
78.00604047115675
76.386222473179
77.00643153241245
76.65078717676809
79.1683356314564
77.11955514365152
74.86435152374202
73.96662106703145
73.43914853955893
73.73830820342448
75.6010989010989
73.704329004329
74.64612794612793
75.68638768638769
81.49524549524548
80.55344655344655
75.53659106850597
70.63618621020636
69.4803420543622
71.88634956374894
74.23934833975873
75.39519249560288
75.10299003322258
75.69435215946844
76.31456121870188
78.1773519163763
78.79756097560974
77.87819225251076
75.72991639044179
75.41607566167306
75.12387319929276
75.4093583636873
73.94714587737843
73.10993657505284
73.40213903743314
73.40213903743314
73.95386317536419
73.95386317536419
75.72991639044179
76.91313201154689
78.48372024684102
77.86351118760757
78.49894179894179
76.92835356364768
76.33699143740182
74.5183452049625
75.4377139280615
77.3005046257359
78.48372024684102
77.86351118760757
76.00072048993314
76.31456121870188
75.72319909245603
75.15871706285772
73.10993657505284
73.7012987012987
77.53383458646616
80.91844997108154
83.59514170040485
81.86024891288048
80.84600389863547
78.78952122854561
79.11915085817523
78.48372024684102
72.97340129749767
72.00834105653381
69.74592877002513
73.48019450429088
74.78322942879905
75.04403528960489
75.0440352896049
72.84326990838618
76.49455195966823
78.59219505731133
81.49524549524548
81.14860479417442
82.16284980841942
82.52785322605442
83.23013828276986
82.54552289815447
82.54552289815447
81.1756335282651
82.21589326852484
81.85088985088984
82.18051948051948
79.27746904258531
77.27214906136172
78.67741221925645
82.70506778179575
87.92664976189002
89.90589364624881
91.99755052051438
88.78128852164369
91.55831994092863
84.87452547452547
81.68598987219676
75.19482178102868
76.05150627300728
76.62919389978212
73.99215686274509
73.41446923597024
70.53505747126437
72.23029556650246
74.0489417989418
79.18355718355718
75.77560431168678
77.51049709921115
75.8608214736319
79.26877434550231
76.29292295231345
75.10970733120834
74.8105476673428
75.10970733120834
76.92835356364768
77.53388155797794
78.80531012940651
78.16987951807228
78.48372024684102
77.21229167541244
77.52613240418118
78.1773519163763
79.11915085817523
79.44074074074072
78.78952122854561
78.78952122854561
80.89915085817523
82.23498575498576
83.60487512487512
82.16284980841942
81.81620910734836
81.11392405063292
80.12472985489349
77.63847930928021
74.87323189846317
74.25302283922974
75.43623846033483
76.29292295231345
76.59929128277817
76.9131320115469
78.48372024684102
79.44878048780487
80.1
79.77037037037036
80.10834505391466
80.44631973745898
81.11392405063292
81.460564751704
79.55200183286557
79.55200183286557
79.90764618850991
82.88349758169878
84.32552289815447
83.96987854251012
83.60487512487512
82.50949050949052
83.98973998973999
85.91614691614691
85.91614691614691
83.75128205128205
80.13339587242027
80.13339587242027
78.8619673009917
79.85116149673112
78.20148587115187
77.61012374490602
77.27214906136172
79.64247246022032
81.84323784143903
80.27264960614492
78.53775681862055
79.97978213507625
79.97978213507625
79.34435152374202
75.99376328844791
75.7015608260676
75.7015608260676
76.30708882039787
76.89845094664372
77.21229167541244
79.58261507427105
81.53865903031499
81.22481830154626
79.1683356314564
79.1683356314564
81.91339587242027
84.34461538461538
84.34461538461538
82.56461538461538
80.13339587242027
81.61364535266974
83.7785102175346
86.59459459459458
85.11434511434511
83.63409563409564
81.80720545277508
82.52785322605442
80.57180927001048
78.0855587243972
75.4088669950739
76.35066593687283
78.8369164824861
79.77871542428504
81.14860479417442
84.19513715288363
87.90927382476679
88.64901408450703
84.93487741262388
81.55037037037036
80.10834505391466
80.7759493670886
76.79935362240775
75.18995036743488
73.28138744859646
77.25798319327731
77.56435152374202
79.81955514365153
79.48992551402189
80.79296043853006
80.79296043853006
80.79296043853006
78.30670989291679
75.19482178102866
74.55939116969445
78.11293018965814
78.67741221925645
78.37104388879175
75.39519249560288
76.29292295231345
75.7015608260676
73.0563595876775
72.45083159334725
72.74303405572755
75.99376328844791
76.59929128277817
76.59929128277817
77.90232620728634
79.20536113179449
79.81088912612475
78.50785420161658
76.89845094664372
78.20148587115187
80.20680585237548
82.16284980841942
81.82487512487512
78.63633952254642
78.28969882147534
79.32995856173508
82.51849416406378
