2022-12-03 11:16:36.414038 5 [80.50025082989956, 26.81129534683472, 73.18870465316527, 0.36633105441462654, 81.18041237113403, 765.4020618556701]
2022-12-03 11:17:36.404998 6 [79.8527342251937, 25.633236361888077, 74.36676363811192, 0.3446867270791303, 81.8961038961039, 772.1532467532468]
2022-12-03 11:18:36.403817 7 [78.85545571129212, 31.393671861178312, 68.6063281388217, 0.4575914891940389, 82.44386422976501, 777.3159268929504]
2022-12-03 11:19:36.406694 8 [77.86304953622921, 39.7634599010374, 60.2365400989626, 0.660121909985368, 82.56657963446476, 778.4595300261096]
2022-12-03 11:20:36.405370 9 [78.6993830188158, 33.116182707295245, 66.88381729270476, 0.4951299738525441, 82.38020833333333, 776.7005208333334]
2022-12-03 11:21:36.408396 10 [78.92368551376956, 29.770854598698573, 70.22914540130142, 0.42391025020428186, 82.69270833333333, 779.6432291666666]
2022-12-03 11:22:36.407073 11 [79.26169651333898, 30.893237038464047, 69.10676296153595, 0.4470363784172451, 82.67012987012987, 779.4415584415584]
2022-12-03 11:23:36.410123 12 [82.2744236488696, 38.113997259583286, 61.88600274041671, 0.6158742780569294, 81.58205128205128, 769.1871794871795]
2022-12-03 11:24:36.408153 13 [84.21093564546106, 35.43691571630888, 64.56308428369111, 0.5488727205255338, 80.49242424242425, 758.89898989899]
2022-12-03 11:25:36.411701 14 [83.42231974529167, 40.01956871021116, 59.98043128978884, 0.6672104192926028, 80.37185929648241, 757.7638190954774]
2022-12-03 11:26:36.409745 15 [84.39508435927047, 32.63780963983934, 67.36219036016067, 0.48451229785339617, 79.71890547263682, 751.6044776119403]
2022-12-03 11:27:36.404762 16 [85.44499106627512, 34.88866733442044, 65.11133266557955, 0.5358309514814152, 78.94088669950739, 744.268472906404]
2022-12-03 11:28:36.403748 17 [83.14348729929704, 33.34742971169841, 66.65257028830159, 0.5003172355913081, 79.76865671641791, 752.0646766169154]
2022-12-03 11:29:36.406563 18 [84.43728483720194, 38.59800453787538, 61.40199546212461, 0.6286115662427338, 80.09701492537313, 755.1666666666666]
2022-12-03 11:30:36.405327 19 [83.68280637777423, 37.73004743813857, 62.26995256186143, 0.6059109712771349, 80.95226130653266, 763.2386934673367]
2022-12-03 11:31:36.407442 20 [81.80687219786543, 47.216403701500845, 52.783596298499155, 0.8945279786258784, 82.02791878172589, 773.3984771573604]
2022-12-03 11:32:36.407107 21 [82.41906288285682, 47.728074596087644, 52.27192540391236, 0.9130728249875291, 81.87341772151899, 771.926582278481]
2022-12-03 11:33:36.409196 22 [81.45481886180282, 53.7152272640383, 46.28477273596171, 1.160537777088476, 82.46310432569975, 777.4987277353689]
2022-12-03 11:34:36.408535 23 [77.86892957762431, 63.463628355854404, 36.536371644145596, 1.7369986536696371, 83.076726342711, 783.2915601023018]
2022-12-03 11:35:36.403269 24 [82.30193071719472, 56.656384367361326, 43.343615632638674, 1.3071448595233908, 80.37871287128714, 757.8217821782179]
2022-12-03 11:36:36.410383 25 [83.03225694227436, 58.482187285682, 41.51781271431799, 1.4086047280018106, 79.73039215686275, 751.6887254901961]
2022-12-03 11:37:36.404786 26 [83.26808681342223, 58.81404760850828, 41.185952391491725, 1.4280123244317204, 79.39416058394161, 748.5133819951338]
2022-12-03 11:38:36.403797 27 [83.8504973526769, 56.54640352859465, 43.453596471405355, 1.3013054872409702, 78.7487922705314, 742.427536231884]
2022-12-03 11:39:36.406476 28 [84.44018093798582, 53.171660598753895, 46.82833940124611, 1.1354590249967091, 78.6826923076923, 741.8004807692307]
2022-12-03 11:40:36.404349 29 [79.70419113747403, 50.78488431892731, 49.215115681072696, 1.0318960672169735, 81.15841584158416, 765.1757425742575]
2022-12-03 11:41:36.408124 30 [81.61561512254364, 43.97794062751921, 56.0220593724808, 0.7850111388286825, 81.10396039603961, 764.6732673267327]
2022-12-03 11:42:36.406970 31 [82.79553347682075, 37.78407326295734, 62.21592673704266, 0.6073054801972617, 80.9384236453202, 763.115763546798]
2022-12-03 11:43:36.409886 32 [83.10671331395312, 46.531685987836156, 53.468314012163844, 0.8702665653016546, 81.13300492610837, 764.9458128078818]
2022-12-03 11:44:36.408514 33 [83.93782944170111, 37.44186799263399, 62.55813200736602, 0.5985132034988724, 80.35279805352798, 757.574209245742]
2022-12-03 11:45:36.411580 34 [85.26254226056851, 39.29007771971731, 60.70992228028269, 0.6471772033955957, 79.56867469879518, 750.166265060241]
2022-12-03 11:46:36.410385 35 [85.62985453416681, 38.37556982222052, 61.624430177779494, 0.6227330575148745, 79.08830548926014, 745.6133651551313]
2022-12-03 11:47:36.413112 36 [87.0863526583342, 39.5247538175723, 60.47524618242772, 0.6535691264214647, 78.54028436018957, 740.4407582938388]
2022-12-03 11:48:36.403699 37 [87.61145734276303, 45.991422344853866, 54.00857765514614, 0.8515577403003803, 77.48364485981308, 730.4556074766355]
2022-12-03 11:49:36.414694 38 [86.5170945623316, 44.16034128843628, 55.83965871156373, 0.7908418910033774, 78.38679245283019, 738.9882075471698]
2022-12-03 11:50:36.405517 39 [85.43643948539037, 40.59760385406472, 59.402396145935285, 0.6834337752020578, 78.79383886255924, 742.8293838862559]
2022-12-03 11:51:36.408406 40 [85.03590167988965, 41.394938002558646, 58.60506199744135, 0.7063372444579261, 78.59058823529412, 740.92]
