2022-12-14 15:19:10.291592 5 218.38020528296923 595.8675675675676 101.67334439721961 -inf
2022-12-14 15:20:10.307734 6 203.67046505667795 589.2349570200573 102.77068047925329 -0.010792760762807031
2022-12-14 15:21:10.290956 7 188.01507726461247 597.0376175548589 102.09616509223204 0.006563305641995937
2022-12-14 15:22:10.305785 8 173.4176936104104 605.8310344827586 100.74412465139316 0.013242813181253825
2022-12-14 15:23:10.289398 9 158.79221962905706 624.4669260700389 98.98516443694332 0.01745968035889345
2022-12-14 15:24:10.306141 10 143.6892483146791 620.4212765957446 98.65419508938778 0.003343625779056777
2022-12-14 15:25:10.288122 11 128.951423696493 590.4389140271493 103.55289839606003 -0.04965529648519933
2022-12-14 15:26:10.305709 12 113.90463761657702 597.6321243523316 102.13780365354026 0.013665428630567538
2022-12-14 15:27:10.288288 13 98.87658363796439 629.0683229813665 97.7868349020295 0.04259900444177949
2022-12-14 15:28:10.304759 14 84.49454111997298 617.043165467626 98.71476651444716 -0.009489330678790662
2022-12-14 15:29:10.287544 15 69.31671246579863 645.0545454545454 96.05926059742423 0.0269007972240333
2022-12-14 15:30:10.303091 16 54.61637452934123 631.2808988764045 97.2981587190116 -0.012897227335316267
2022-12-14 15:31:10.286877 17 40.08455994840123 651.4444444444445 92.94197278166506 0.044771514638080816
2022-12-14 15:32:10.303384 18 24.401496012088664 629.7142857142857 103.36756853483637 -0.1121731704325088
2022-12-14 15:33:10.286329 19 10.038746747288782 718.8125 98.26176630539523 0.04939462446309172
2022-12-14 15:39:44.885381 5 218.4363826638515 702.6528662420383 86.75772398047418 -inf
2022-12-14 15:40:44.901889 6 202.93079849392905 708.7379310344828 86.2855838714198 0.005442052734816324
2022-12-14 15:41:44.885408 7 188.4364048118914 706.925925925926 86.59623077426627 -0.0036002178916629724
2022-12-14 15:42:44.901700 8 172.98700502893544 705.4497991967871 86.97860916643256 -0.004415647063935709
2022-12-14 15:43:44.885188 9 158.43643517469948 702.9254385964912 87.02966129048008 -0.0005869503379828487
2022-12-14 15:44:44.901203 10 143.41773021986413 704.5458937198067 87.2904498992864 -0.0029965485897490147
2022-12-14 15:45:44.884455 11 128.73608333890795 704.4139784946236 87.79817996804026 -0.005816559192210199
2022-12-14 15:46:44.901700 12 113.87655000250093 716.0246913580247 86.55307224042079 0.014181475379930492
2022-12-14 15:47:44.884645 13 98.75487209669997 724.0214285714286 85.73921485191579 0.00940298671599231
2022-12-14 15:48:44.901299 14 84.50390339599736 659.6692307692308 95.55574220136747 -0.11449285331579323
2022-12-14 15:49:44.884257 15 69.2886262776034 614.3739130434783 103.21369636257491 -0.08014122421936305
2022-12-14 15:50:44.900974 16 55.00956748961418 667.8333333333334 90.66522910757213 0.1215775395827489
2022-12-14 15:51:44.884274 17 39.850530523200376 627.5384615384615 96.49821362308352 -0.06433540810436476
2022-12-14 15:52:44.900763 18 25.037975386397076 600.3953488372093 101.18168895165401 -0.04853432154572188
2022-12-14 15:53:44.884303 19 9.570957989260414 688.125 93.44802949326913 0.07643338966282848
