2022-12-15 13:10:27.807114 5 219.52247869424184 590.0561497326203 102.79253234456579 -inf
2022-12-15 13:11:27.794207 6 204.54121048743932 607.9615384615385 99.78527684266629 0.029255583390231307
2022-12-15 13:12:27.814869 7 189.60675910988834 622.7124183006536 97.36101412932236 0.024294793681499983
2022-12-15 13:13:27.802017 8 174.5880415189569 634.8659420289855 95.5021877113445 0.019092102055436853
2022-12-15 13:14:27.788378 9 159.74721837009488 656.9303278688525 92.14905935614229 0.035110487367441795
2022-12-15 13:15:27.809015 10 145.1498266047384 665.9223744292237 91.32213613209416 0.008973756539957679
2022-12-15 13:16:27.796728 11 129.72851950559004 674.2164948453608 90.22453586876198 0.012018994625186425
2022-12-15 13:17:27.784518 12 115.39327738100654 676.2748538011696 89.5129788392552 0.007886513603592141
2022-12-15 13:18:27.805144 13 100.33711953564176 689.0890410958904 87.88006675261505 0.01824218239427025
2022-12-15 13:19:27.792437 14 85.4214013760045 691.6854838709677 88.32770773401724 -0.005093771522298796
2022-12-15 13:20:27.812775 15 70.39334601510957 696.8613861386139 86.90173607403463 0.01614410354989242
2022-12-15 13:21:27.800555 16 55.805307406894336 739.2133333333334 81.82762695676547 0.05838904199734685
2022-12-15 13:22:27.787900 17 40.79599684622638 707.2241379310345 89.53822679484185 -0.09422978674611152
2022-12-15 13:23:27.808528 18 26.161157949663345 750.1142857142858 85.48533145899827 0.04526441365797802
2022-12-15 13:24:27.795895 19 11.273665182444462 868.25 81.28878276054921 0.04909086303843688
2022-12-15 13:31:01.420182 5 219.0075193694878 742.4324324324324 81.63781308841132 -inf
2022-12-15 13:32:01.406858 6 203.99816415363583 751.8430656934306 81.55597010198845 0.001002513214486
2022-12-15 13:33:01.395069 7 189.55994355620987 752.3636363636364 80.7108620304451 0.010362307878706057
2022-12-15 13:34:01.415971 8 174.40078561557414 773.3832599118942 79.7335617737779 0.012108658389728967
2022-12-15 13:35:01.403205 9 159.382071170679 779.0825242718447 78.86328003750077 0.010914873447473813
2022-12-15 13:36:01.424258 10 144.5787023434413 774.9679144385027 78.10498118748983 0.009615360274773782
2022-12-15 13:37:01.411647 11 129.88768411526058 771.5857988165681 78.42363711962875 -0.004079841353190973
2022-12-15 13:38:01.399254 12 114.8502501933312 772.8533333333334 78.82429351566941 -0.005108872920921679
2022-12-15 13:39:01.419751 13 100.05624675537963 774.6461538461539 78.66340336998529 0.0020411238529164585
2022-12-15 13:40:01.407468 14 85.76780556834473 766.9375 79.06363562679418 -0.005087909239401197
2022-12-15 13:41:01.394963 15 70.6554825311423 725.0918367346939 84.85303883221866 -0.0732246014179303
2022-12-15 13:42:01.416102 16 55.66488136913164 709.6025641025641 85.82183473620876 -0.011417338934740043
2022-12-15 13:43:01.402012 17 40.78663567209921 763.5471698113207 79.19367771768249 0.0772315930893261
2022-12-15 13:44:01.424144 18 26.095638054977247 806.40625 75.08897147204405 0.05183123658268916
2022-12-15 13:45:01.411652 19 11.254953704963226 725.2666666666667 83.52238552256513 -0.11231228614791823
