76.49212159796275
73.12011117882943
74.63224710115954
60.97585365853658
67.88272727272727
70.1844514106583
71.0744514106583
71.35344827586206
67.95023898941618
69.70023898941618
67.16913340818618
67.5963761324586
66.31978038777775
71.33713651462102
73.49471227219678
71.11416515973477
66.79959473150961
67.90347070050187
70.77800486199256
71.27199191102123
69.40252454417953
72.23391372763658
72.74985575662208
72.50551807645735
69.18014184397163
72.83142389525368
71.68377721569212
72.43290043290042
68.26567635263288
71.52712807920088
69.85051897402033
69.11733819598831
66.53012889366272
68.46754385964911
69.71666666666665
70.19007092198581
70.45673758865247
72.15197568389058
72.64596273291926
72.37929606625258
70.95072463768116
72.86274509803921
72.60193923723335
82.50670114199525
75.63369963369962
78.20995264897702
68.03852407754846
74.05484109386548
73.43463203463203
75.75007918910357
76.02907605430734
74.33383795906923
72.01839080459769
73.51544715447153
73.78211382113821
75.4773519163763
71.00432900432901
72.73926876336515
71.31069733479372
74.0076670317634
70.75693779904304
72.4918775580792
74.2679307731568
73.80433880354204
69.86531741185284
68.368261061979
70.62036977800524
83.84084485328125
77.86303375882848
74.32817056377111
63.04511045448148
66.95540793731902
103.94727358937884
100.17655707847541
97.84328994838603
67.4981756032717
74.92017416545718
81.46923076923076
79.51318681318682
75.0963133640553
73.23352266638088
72.64216054013502
74.2261427425822
72.86146091278408
74.07303209826338
71.77130796033234
73.13598979013045
71.35993657505284
72.58246404758032
73.48019450429088
74.33687899626949
74.86435152374202
71.15003032140692
71.44918998527245
72.57860174997835
72.57860174997833
70.62255779393439
70.33035533155407
72.04307010818638
72.04307010818638
70.93919413919411
73.25464129366567
74.05484109386548
75.15871706285772
70.46993657505286
70.19720930232558
69.36
70.72340425531914
70.19593172784661
70.74765586577765
72.57597574838954
73.65517241379311
72.3208395802099
72.04184271500613
72.32732787940067
80.06645831418328
74.86515961288458
75.45652173913044
69.05172413793103
72.94803750198633
72.07119021134594
71.5194660734149
71.76911544227886
69.7016018306636
69.97432910339089
71.88634956374894
73.40213903743316
72.3468030690537
72.95233106338397
73.22505833611123
73.48019450429088
70.22946527157052
70.22946527157052
70.49027113237639
70.97380254154447
69.42447952413634
69.96387346353029
70.21352283239425
70.70750988142292
69.90731008122313
72.11849020544673
73.17382617382617
73.97402597402596
71.02966507177032
71.59414710136863
71.59414710136863
73.66166071298389
72.29697888318577
72.57597574838954
73.15366337516438
72.89852720698474
71.07020732437286
69.6741288930003
70.45673758865247
70.70107526881719
70.1851332398317
71.02234254215728
72.89180990899898
73.94714587737843
72.32732787940068
72.32732787940067
72.60632474460444
72.60632474460445
70.01911544227886
69.46739130434783
69.98333333333332
70.45673758865247
69.42447952413634
69.69114619080301
70.1851332398317
69.94079555966698
68.19079555966698
68.19079555966698
66.82739130434783
66.1531488801054
65.41996810207337
68.33269537480064
70.22946527157052
70.96264604960257
72.42485853591144
70.74824943073091
71.00338559891054
67.5184458398744
67.97252747252747
71.19999999999999
69.48846153846154
69.96186579378067
65.51186579378069
69.24613152804642
69.99525474525473
69.76587330195576
67.7431460292285
68.00395189003436
70.53505747126437
70.53505747126437
69.52512839325018
69.24613152804642
69.48034205436221
69.00693779904306
66.53012889366272
67.77925170068026
68.49699363616413
68.72169382551823
68.20575179653272
70.07521916337444
71.78793394000672
72.30387596899223
71.46666666666665
74.1037037037037
73.33811230585424
72.55550361020207
70.1851332398317
71.76911544227886
71.5194660734149
70.24287032873406
68.90853749515085
70.21352283239425
72.32732787940067
72.32732787940068
70.77800486199254
69.41332303219444
70.46865900057388
71.47858807858807
70.49027113237639
69.43493516399694
69.97432910339089
69.97432910339089
68.77755635574408
67.22823333833597
69.01675008474744
70.21352283239425
69.51073713377613
72.27598454459317
69.59705477870688
69.82643622200584
64.80908009516256
67.48800986104885
69.7897339989799
71.50244877561218
72.28505747126437
72.0060606060606
73.40213903743314
72.87466650996062
71.56968117271722
69.16367366333048
69.16367366333048
69.92926506117993
70.42325211020862
68.52648221343873
68.01054018445323
69.06587615283267
68.8501185770751
67.20848484848484
66.40828504828505
68.78161838161837
69.92926506117993
68.70673758865247
68.44593172784661
69.99525474525474
70.4686590005739
69.48034205436221
68.94094811496825
69.18528579513298
68.72169382551823
66.78427885953184
67.0339282283958
67.73671392701391
67.73671392701391
65.87932262266608
66.6284458398744
68.30505494505493
70.16244624940276
68.93991877687529
68.68478260869566
67.9516018306636
67.49752019801055
65.64012889366272
65.17653692404797
66.59800986104887
67.72222038736464
67.9516018306636
68.46754385964911
70.2560606060606
71.47858807858807
69.99525474525474
69.4558608058608
68.23333333333332
67.77925170068026
66.76932262266608
68.79204989539335
70.21352283239425
70.45786051255897
70.45786051255897
72.07767851053671
72.84326990838618
71.29394689097805
69.92926506117993
71.32534349255249
71.32534349255249
70.10281602002503
67.69680851063829
72.71366399557888
71.82366399557888
71.82366399557888
67.30079555966697
69.94079555966698
70.1851332398317
70.1851332398317
66.52799038268884
68.68966021191085
66.41344537815125
71.19999999999999
70.62231237322514
76.38113590263691
77.6220945083014
77.6220945083014
76.05150627300728
74.5183452049625
76.33699143740182
74.94091300602926
73.07144563918757
70.17360274134467
71.86884083658276
72.11849020544673
72.11849020544673
70.42325211020862
71.75758494379183
73.12226677358994
72.35667537574048
69.38070881356703
67.2669037665606
68.29916183107673
69.20761478163493
68.28012889366272
66.53012889366272
70.41628873771731
70.41628873771731
69.96220710506424
65.38775510204081
78.60823017731681
73.76469276235083
73.76469276235083
61.23250984604367
68.01346222699604
84.36040100250625
100.0190476190476
