75.38049006010169
84.30929264909847
100.39901477832512
119.89425287356322
127.70127041742286
150.20701754385965
128.218782249742
145.51432880844646
116.26550251736664
124.40929336703985
109.9419493902619
137.5871720777381
126.51161652218255
117.62149443561208
106.32654731457801
98.5844113922479
86.76897696159492
59.40562292432783
76.14144305718423
96.10066833751044
100.50176723860935
81.12977794333726
61.35200016555948
58.61733677070191
61.66415670693283
61.848995751584944
95.88036244314583
107.59338605319914
137.30518783542038
120.67881420904675
108.96579059899344
79.82983353280382
76.70336983256962
108.95485498108448
110.66639344262293
96.79851485148514
78.99851485148514
77.68969132207337
95.37754010695186
81.35329768270944
79.83030303030301
60.59026966916875
91.11207306902092
102.65041298996954
103.79194679241009
71.47216359457812
76.11564185544768
98.09777777777776
136.04972972972973
130.96401544401544
109.81977301977301
71.86782106782107
61.131313131313135
60.7040704070407
61.46475416772446
62.62815286053491
73.84327437268612
106.70481283422458
107.78425492033739
96.36179502728925
65.21179502728927
62.09383133784487
62.728412443014214
61.21627652068412
91.98804025807863
103.27382114385952
103.89595706618961
76.47153846153846
64.55117647058823
76.56617647058823
70.13839869281045
73.74894636015325
61.11181043782315
70.12679751792652
71.62385386780036
90.44154534568601
96.11862175764614
112.78984126984126
107.68589861751151
136.50494623655914
136.50494623655914
129.79359307359306
108.60311688311688
110.38311688311688
141.97619047619048
133.09360730593608
107.66503587736463
68.48264594025771
60.370886819140125
61.26207507014146
61.07374849634495
60.86641011544803
61.442254831479666
61.630581405276175
60.2857352099173
61.10727367145577
61.89750674581759
61.89750674581759
95.30673751504835
104.45006808671364
105.79491428207253
71.96685998342998
77.48235294117646
100.1330132052821
99.7302982731554
85.07147474374364
61.25741578682754
94.11895424836601
104.13429951690821
105.50503659061556
71.70136686584493
60.34117540194386
60.13383702104694
61.686021597302734
62.24063471829979
60.89578852294091
60.688450142044005
61.27537082348749
92.53618340540099
103.0067716406951
102.61176470588235
73.33037942449707
61.16185796185796
94.21900081900081
102.72775028549675
104.42568351284174
70.44386533102357
68.46462144666478
108.55201640464796
109.87169866413605
101.72905232867123
60.478258677877584
59.70301142263758
59.70301142263758
61.50099122061738
61.88123154104462
92.77575757575758
104.575
121.70582706766918
113.56868421052631
101.98960257787326
85.05437990580846
62.87284144427
62.652680652680644
63.05539558480734
62.66787744257222
74.99688177157654
103.73012390563946
105.15493808517063
91.21279300283865
61.31615217596526
60.47825867787758
61.25350593311758
61.4383449777697
61.04333804295695
61.45398881677219
63.067129570099866
63.26273396570426
62.652680652680644
61.81478715459296
63.999729871450576
65.48188688969009
65.89253766350532
63.90699748585608
64.6097831844742
65.25718670033598
75.93108732854843
117.93495580050201
149.53903743315504
150.49090909090907
108.01363636363635
75.55481283422459
63.15379329301813
69.38379329301813
78.52712386468342
75.38340468004878
71.17613195277606
63.34162491052254
70.79545454545453
86.07828282828282
80.91628282828282
114.37328528528528
110.41772972972971
143.0041483343809
120.87441860465114
143.0041483343809
127.23449163449162
114.1187021608074
97.46589550800076
92.04113360323885
128.89025641025637
119.6939303482587
110.99170812603649
71.62099161513305
60.68157107079591
61.442254831479666
60.551066580478334
58.853133353133344
58.853133353133344
60.12456192456192
61.224175824175816
63.90310559006211
72.8205224198077
98.91244788564622
110.71145002392134
103.02693362707619
117.62072244695194
119.43191521122556
122.69336693779356
83.24055308497971
80.31772878284505
114.8138528138528
123.32260228034875
117.52310353348159
89.60153490603061
115.72755417956655
120.99729102167181
120.54204805491989
83.74970355731224
102.472264532922
103.39633980871693
105.33815799053512
77.7923211528564
63.137530589543935
95.17753058954393
100.71031349386642
142.81784037558685
110.15570445325675
110.58548312528893
107.46267610774507
117.6813337692056
109.89045231023903
78.23165013238061
82.87512839325018
77.37753058954394
109.03633276740237
114.51325584432544
129.6510857563489
134.46913086913085
126.76720779220778
114.55451482479782
74.2638074738963
68.99407063179105
65.66202487335991
65.66202487335991
90.95676171546516
118.63786407766989
136.04285714285714
104.21861471861472
93.09361471861472
117.77428698752229
127.61029411764704
147.63529411764705
115.76828644501276
105.93227931488799
75.74967061923584
63.049559136515654
71.5583086030116
106.0706470283935
145.543966501713
148.83445945945945
114.32212103407755
88.00415601023018
91.45674221712673
123.00858168200968
123.96045333976369
107.87073121053703
115.92502985307095
113.22806015610126
157.21746880570407
122.49920255183412
123.7890576242979
77.01136472895793
67.00779648631743
56.39413189004415
60.69455205811138
63.131318681318675
63.131318681318675
62.45707625707625
62.65647879628462
61.90995192865683
60.6770514957564
61.08770226957164
63.51199055104332
63.70759494664771
63.0975416336241
61.6153846153846
63.56113360323885
63.96384853536555
63.76824413976116
61.43497700967178
62.06955811484113
62.66787744257222
62.47955086877571
94.30379329301812
104.77438152831223
106.38752228163992
73.33037942449707
64.16861471861472
85.31285714285714
97.83153846153846
97.15729603729604
74.39991285972593
62.47955086877571
90.57821189766929
104.52035698000128
106.06339103572884
76.92743396953921
77.47428496800313
101.424857050383
103.37060603823724
87.1754033914217
62.31637835848362
72.19580419580419
114.96796536796535
134.46913086913085
133.0620162446249
92.57190635451504
71.09131355282132
68.99965667855575
111.28472455185891
112.42625835429946
104.09985502789614
60.872655891360786
67.17276649723519
62.93964847022404
64.08118227266459
56.820985366898064
60.11197213067704
60.11197213067703
60.6770514957564
60.49890303870885
59.17922077922077
59.77754010695186
60.137136066547825
60.49673202614379
77.02923976608187
98.32838506522717
99.69912213893453
82.00321570618598
91.78343548640578
102.515517649846
103.27620141052977
73.36023502397514
60.89781982723158
93.75935828877004
104.69877883310718
106.42911186641051
72.62544214163987
60.163026944896316
92.41451209341116
103.77470355731225
105.71652173913041
71.55976498237368
60.1995735184726
59.37803505693413
60.47764895654803
60.65909645909645
60.27157831686134
61.50447874976177
61.32303124721334
94.57208785098692
104.87692729015473
106.2217734855136
74.1817734855136
62.26379329301813
60.918947097659256
60.7074619491444
62.76546368341553
63.51199055104332
63.72347569955817
64.67059907834101
69.45715370018975
73.52572512876118
77.25798319327731
95.72040816326529
106.49522656520234
120.09711335765516
126.17969522761246
143.37630539710398
132.74108527131781
132.74108527131781
108.20595013618268
98.13561374474537
69.82119514009422
63.44054080154514
84.14609731876861
93.30038303305432
101.33045822102424
