64.6057571964956
67.66458072590737
70.19593172784661
105.20225720225719
120.75781275781274
122.41469704999116
89.23669145819247
74.23286004056796
81.96498673740052
74.36564355185044
70.96243426540455
57.34413904710934
93.79175809472838
112.94513003569605
134.00377358490564
113.97877358490565
99.41182655148896
90.99053677396151
80.33894102928066
75.54517774083276
63.815524122133795
61.630581405276175
68.79466809258267
66.90013495276652
67.30284988489322
59.16020354942838
62.69971166036507
62.10139233263398
61.73510578543343
59.9018042405164
60.918947097659256
62.471131673915046
64.30443321883209
61.84708808608872
61.639749705191804
61.8644498945459
62.73957280506704
61.76101315690871
60.68157107079591
61.64165737068804
61.64165737068803
62.721099456800836
73.8638323940563
95.78356851280287
95.55886832344876
83.45604908630118
62.72221099660986
70.18656660186566
103.80878882408787
104.45619233994967
96.13709483793517
63.6782713085234
62.823529411764696
64.13235294117646
66.92450980392155
76.49761904761904
106.34518002322879
143.64041811846687
135.61034293049696
104.05124349334874
85.74267206477731
83.22107836089143
81.09640992587818
57.79459174405999
57.42830519685945
59.9556885639994
62.33342511316452
62.69971166036507
61.72115201220674
61.2852336448598
62.471131673915046
65.47625678696902
62.065836618901784
62.493079343174216
60.26320148536024
65.78614912595495
62.31208646545161
63.8242223877817
60.69455205811138
62.74380053908355
72.37439755400892
109.76127014088152
111.18608432041268
101.5554873054873
62.082167832167826
60.65735365263666
59.3485301232249
62.88803823416158
63.07995198079231
74.01937252512946
108.43398047357198
109.66688090647241
97.56406166932481
62.29471182412359
96.92948056415548
108.10822452550812
114.90730779517963
75.78478147939016
65.36672127872127
65.36672127872126
67.87505155395063
69.13250838283602
62.96800621833387
69.10661570214066
69.33131589149474
70.72330025122105
98.38836049218489
112.57113176599233
150.63196125907987
125.33722441697464
119.21834162871967
76.92661230541141
63.75841208457962
72.51026867868973
76.25763709974234
76.91181503859183
58.813315479898094
58.34972351028334
62.35481290960029
68.65492351547469
65.04809806222194
64.02568083047083
90.38770614692652
102.48819875776395
105.71020408163264
72.46114747785906
62.09780515979976
77.77557100297915
104.05941021544838
105.48422439497955
91.22793148880106
63.36706192358366
63.36706192358366
71.56143532511818
76.20491358598775
74.047337828412
65.35897737784879
85.73342280819483
97.72700569589537
96.79951980792316
73.55054021608643
64.86217976552322
84.94861433935276
96.01752190237795
95.09003601440574
73.3586264694557
62.68472584124325
61.829983944484546
62.02189769111527
64.00743786876453
61.640174441654544
61.640174441654544
74.51677018633539
101.38966565349543
102.84272687798523
89.03864524533216
62.00562983814215
73.58471147079521
102.64593596059115
104.97000693481276
91.01318875299458
79.71160145140728
98.52929292929292
99.45396825396826
81.2584126984127
60.94610038610038
63.57098517872711
81.76654073428267
93.93506219692178
92.54307783719548
72.95013910406982
61.689317794413896
60.65202175711785
62.04940493468794
61.67623931623931
61.48063492063492
60.08325174306482
61.88123154104462
62.27623847585738
63.88937922918505
68.04856141246361
65.88461037827197
77.17039126405285
106.20468227424749
143.84129554655868
144.35475708502025
110.73404116727461
74.67445824771156
60.5427014909548
60.13205071713955
62.00172587761417
62.17666445255275
61.589743771109255
92.96912521440822
104.50746513535682
105.93227931488799
72.68322271111442
61.504478749761766
63.40124864653166
62.321733821733815
65.26736029927518
62.33329436520925
77.16662769854258
84.1098901098901
100.39901477832512
88.51487143026426
79.38666630205913
97.32831086439333
105.39219934994583
104.81635463391419
69.118552436112
70.44581009974083
96.91797588600657
98.5844113922479
86.76897696159492
59.40562292432783
76.14144305718423
96.10066833751044
100.50176723860935
81.12977794333726
61.35200016555948
58.61733677070191
61.66415670693283
61.848995751584944
61.64959321237658
90.17549696554259
108.35573728596984
108.96579059899344
79.82983353280382
76.70336983256962
108.95485498108448
110.66639344262293
96.79851485148514
78.99851485148514
77.68969132207337
95.37754010695186
81.35329768270944
79.83030303030301
60.59026966916875
91.11207306902092
102.65041298996954
103.79194679241009
71.47216359457812
59.9338236736295
59.158576418389494
60.95655621636929
61.31615217596526
61.131313131313135
60.7040704070407
61.46475416772446
62.62815286053491
73.84327437268612
106.70481283422458
107.78425492033739
96.36179502728925
65.21179502728927
62.09383133784487
62.728412443014214
61.21627652068412
91.98804025807863
103.27382114385952
103.89595706618961
76.47153846153846
64.55117647058823
76.56617647058823
70.13839869281045
73.74894636015325
61.11181043782315
70.12679751792652
71.62385386780036
90.44154534568601
96.11862175764614
112.78984126984126
87.66671814671814
84.89269217269216
57.42983502983502
72.25767657000533
63.58884540117416
68.48264594025771
60.370886819140125
61.26207507014146
61.07374849634495
60.86641011544803
61.442254831479666
61.630581405276175
60.2857352099173
61.10727367145577
61.89750674581759
61.89750674581759
95.30673751504835
104.45006808671364
105.79491428207253
71.96685998342998
61.47868321640582
61.07596828427912
61.07596828427912
61.25741578682754
94.11895424836601
104.13429951690821
105.50503659061556
71.70136686584493
60.34117540194386
60.13383702104694
61.686021597302734
62.24063471829979
60.89578852294091
60.688450142044005
61.27537082348749
61.097222366439944
60.49890303870886
61.336796536796534
61.16185796185796
94.21900081900081
102.72775028549675
104.42568351284174
70.44386533102357
59.60260153201329
59.39928913909496
59.94372414334304
60.478258677877584
59.70301142263758
59.70301142263758
61.50099122061738
61.88123154104462
62.06955811484113
77.96748474960987
100.34462760675272
101.98960257787326
85.05437990580846
62.87284144427
62.652680652680644
63.05539558480734
62.66787744257222
74.99688177157654
103.73012390563946
105.15493808517063
91.21279300283865
61.31615217596526
60.47825867787758
61.25350593311758
61.4383449777697
76.3004809000998
91.1626168224299
