67.21842105263157
68.46754385964911
70.2560606060606
71.47858807858807
69.99525474525474
69.4558608058608
68.23333333333332
67.77925170068026
66.76932262266608
68.79204989539335
70.21352283239425
70.45786051255897
70.45786051255897
72.07767851053671
72.84326990838618
71.29394689097805
69.92926506117993
71.32534349255249
71.32534349255249
70.10281602002503
67.69680851063829
72.71366399557888
71.82366399557888
71.82366399557888
67.30079555966697
69.94079555966698
70.1851332398317
70.1851332398317
66.52799038268884
68.68966021191085
66.41344537815125
71.19999999999999
70.62231237322514
76.38113590263691
77.6220945083014
77.6220945083014
76.05150627300728
74.5183452049625
76.33699143740182
74.94091300602926
73.07144563918757
70.17360274134467
71.86884083658276
72.11849020544673
72.11849020544673
70.42325211020862
71.75758494379183
73.12226677358994
72.35667537574048
69.38070881356703
67.2669037665606
68.29916183107673
69.20761478163493
68.28012889366272
66.53012889366272
70.41628873771731
70.41628873771731
69.96220710506424
65.38775510204081
78.60823017731681
73.76469276235083
73.76469276235083
61.23250984604367
68.01346222699604
69.95087719298243
72.01839080459769
68.43600086749078
67.92005883850527
65.38895325727526
65.7764713995104
63.70759494664771
64.17118691626246
66.60046731328481
67.47257101850069
66.78427885953184
67.0339282283958
69.01330967169477
69.94079555966698
69.44680851063829
68.41455044612216
69.42447952413634
68.72169382551823
67.32970946579194
66.31978038777775
66.78337235739251
66.78337235739251
65.8558864694203
66.84420341563198
67.7526563661902
68.20673799884325
66.09421052631578
66.57774193548387
68.8794660734149
69.7694660734149
68.59764250527797
79.06231180996988
80.28483928249736
123.21619364242314
117.46007417240293
111.78754669987545
70.0280159080866
62.7883604921849
66.78427885953184
64.96505177553311
74.82503023375746
71.60302490988877
76.5032905462085
65.77120838276828
74.93755507954975
69.62663866941479
70.96233434424542
63.959938681655586
65.70628513030147
65.94547885930484
67.93101903695407
67.24272687798523
78.97093552589189
73.90042383255621
73.90042383255621
62.41655286481428
67.98105160717864
68.90853749515085
67.73671392701391
78.42408452742798
75.11886209029065
74.68294372294372
63.745923753665686
70.69811230585424
72.30585424133811
73.33811230585424
82.56774193548387
120.6285714285714
132.2285714285714
114.13676814988288
75.59240724762725
71.4041719535096
70.98397523219813
71.97229217840982
63.04473799884325
67.7526563661902
67.7526563661902
68.74097331240188
69.66845920037409
68.44593172784661
66.76932262266608
80.8735045742435
123.35077730151622
124.52260086965315
109.49093303010352
66.55957867017774
67.06436420722133
69.00177917320772
69.69007133217659
68.23816241635015
67.97735655554428
69.22647936256183
71.75758494379183
67.70323928944617
66.45411648242865
65.37491981702507
68.92447993432712
68.23618777535827
67.73140223831467
67.48706455814995
67.48706455814995
66.09508019842366
66.58906724745233
67.76089081558928
68.90853749515085
67.48706455814995
67.73671392701391
67.26330967169477
66.61590615583297
65.88272537780094
69.6815058656058
77.7932649867234
81.04399421944375
92.4688979421652
85.9320282248816
81.77284604160303
65.8749194068343
65.1721337082162
67.5963761324586
69.4931460292285
68.62104232401262
66.87104232401262
64.75851485148515
66.09421052631578
62.41812356979404
78.53180778032035
117.076168682576
120.52287419579878
116.95395189003435
120.65265318873566
120.88203463203462
110.97727272727272
66.78846153846153
64.50107836089143
61.86107836089143
63.806827348745685
65.64012889366272
66.07604726100965
76.96683673469387
80.90585812638308
120.13851118760755
121.7799046302305
155.3782982045277
152.07945650568598
148.94366007798843
139.28474534930626
121.1105711751321
109.57283130306386
96.10180252892117
101.04624697336561
134.10338983050846
130.76153846153846
109.22928039702232
78.31349092333812
68.1753567171188
67.45761478163493
79.42501715854496
81.25333704115684
113.77256781038761
100.0588189848317
126.36423770404353
106.04661983803857
134.98317436501983
117.50103150787697
102.82719638242892
109.36330409356725
105.24857806616998
106.8308002883922
71.76878882408788
62.659458247711555
75.20422015247345
104.91284815813117
106.33766233766234
93.58141528438559
73.23855814152843
78.03317093614122
105.43011063011062
109.36743781905072
100.36292110721693
74.30167708807818
56.03188236667055
79.74295178505703
78.61874125874124
84.68692307692307
69.98037037037037
72.62037037037037
73.5877616747182
99.31495227995758
96.89070985571516
109.8767083818758
86.25914740626604
97.04702619414483
117.05416267942581
119.08844839371153
106.68742885250506
72.49752109341665
61.57956565436029
61.95980597478753
61.95980597478753
64.15939406690511
65.39229449980554
66.33941787858839
67.76089081558928
69.15287517531557
100.95436400906247
99.09697270471464
111.72923076923077
79.44421052631577
79.44421052631577
64.18706766917293
71.78736418511066
67.79321784364724
86.28672433715373
100.70221729490021
105.8205741626794
111.48421052631579
103.81179673321235
120.16394984326018
105.33061650992684
104.1030303030303
121.47719298245612
126.8269197584124
114.44431106276024
80.71799527328656
83.17528604118993
120.98646616541352
143.00225563909774
141.1285714285714
102.82340425531913
80.11932262266608
65.66783747415123
65.91217515431595
67.58878425949649
69.40801134349522
68.46088796471237
67.95610242766878
67.47257101850069
67.24787082914659
79.29652233628568
110.21231180996988
111.13979769794207
97.69916183107672
73.16402669594159
83.30216090216089
99.86926046926047
94.47692307692307
89.72064777327934
78.96240601503759
73.59157345776435
63.9001034033179
60.24882135203584
74.02772345170698
75.5765471706886
109.572943567085
100.90973785650745
104.41964850660503
74.79518193477003
73.15354820617978
72.40442498897146
72.40442498897146
85.28028031643969
97.57326950374349
91.26392471319568
81.08503908269715
64.64255868355247
64.64255868355247
63.84235888335266
67.7526563661902
83.43042220936957
110.81503759398495
111.05423132298833
96.30395136778114
66.59532336212344
67.60525244013762
63.78450305207511
64.656606757291
62.07178827544281
80.64281761871248
108.29661766666263
110.36549411952531
96.36433738152647
74.07453416149067
79.33714285714285
71.80491389207808
64.95876004592421
56.256537823702
74.22100122100122
69.50476190476189
77.83224728487886
62.501398423595205
74.41943594163273
78.67780914737435
93.47889610389609
87.31439393939394
75.89193404634581
67.06865818427684
72.19290060851927
110.58505747126436
107.39333333333333
105.24505747126436
65.50805441316038
66.87145866847953
103.34830595911993
144.780547112462
