62.22543792840821
64.17118691626246
66.60046731328481
67.47257101850069
66.78427885953184
67.0339282283958
69.01330967169477
69.94079555966698
69.44680851063829
68.41455044612216
69.42447952413634
68.72169382551823
67.32970946579194
66.31978038777775
66.78337235739251
66.78337235739251
65.8558864694203
66.84420341563198
67.7526563661902
68.20673799884325
66.09421052631578
66.57774193548387
68.8794660734149
69.7694660734149
68.59764250527797
79.06231180996988
80.28483928249736
123.21619364242314
117.46007417240293
111.78754669987545
70.0280159080866
62.7883604921849
66.78427885953184
64.96505177553311
74.82503023375746
71.60302490988877
76.5032905462085
65.77120838276828
74.93755507954975
69.62663866941479
70.96233434424542
63.959938681655586
65.70628513030147
65.94547885930484
67.93101903695407
67.24272687798523
78.97093552589189
73.90042383255621
73.90042383255621
62.41655286481428
67.98105160717864
68.90853749515085
67.73671392701391
78.42408452742798
75.11886209029065
74.68294372294372
63.745923753665686
70.69811230585424
72.30585424133811
73.33811230585424
82.56774193548387
120.6285714285714
132.2285714285714
114.13676814988288
75.59240724762725
71.4041719535096
70.98397523219813
71.97229217840982
63.04473799884325
67.7526563661902
67.7526563661902
68.74097331240188
69.66845920037409
68.44593172784661
66.76932262266608
80.8735045742435
123.35077730151622
124.52260086965315
109.49093303010352
66.55957867017774
67.06436420722133
69.00177917320772
69.69007133217659
68.23816241635015
67.97735655554428
69.22647936256183
71.75758494379183
67.70323928944617
66.45411648242865
65.37491981702507
68.92447993432712
68.23618777535827
67.73140223831467
67.48706455814995
67.48706455814995
66.09508019842366
66.58906724745233
67.76089081558928
68.90853749515085
67.48706455814995
67.73671392701391
67.26330967169477
66.61590615583297
65.88272537780094
69.6815058656058
77.7932649867234
81.04399421944375
92.4688979421652
85.9320282248816
81.77284604160303
65.8749194068343
65.1721337082162
67.5963761324586
69.4931460292285
68.62104232401262
66.87104232401262
64.75851485148515
66.09421052631578
62.41812356979404
78.53180778032035
117.076168682576
120.52287419579878
116.95395189003435
120.65265318873566
120.88203463203462
110.97727272727272
66.78846153846153
64.50107836089143
61.86107836089143
63.806827348745685
65.64012889366272
66.07604726100965
76.96683673469387
80.90585812638308
120.13851118760755
121.7799046302305
155.3782982045277
152.07945650568598
148.94366007798843
139.28474534930626
121.1105711751321
109.57283130306386
96.10180252892117
101.04624697336561
134.10338983050846
130.76153846153846
109.22928039702232
78.31349092333812
68.1753567171188
67.45761478163493
79.42501715854496
81.25333704115684
113.77256781038761
100.0588189848317
126.36423770404353
106.04661983803857
134.98317436501983
117.50103150787697
102.82719638242892
109.36330409356725
105.24857806616998
106.8308002883922
71.76878882408788
62.659458247711555
75.20422015247345
104.91284815813117
106.33766233766234
93.58141528438559
73.23855814152843
78.03317093614122
105.43011063011062
109.36743781905072
100.36292110721693
74.30167708807818
56.03188236667055
79.74295178505703
78.61874125874124
84.68692307692307
69.98037037037037
72.62037037037037
73.5877616747182
99.31495227995758
96.89070985571516
109.8767083818758
86.25914740626604
97.04702619414483
117.05416267942581
119.08844839371153
106.68742885250506
72.49752109341665
61.57956565436029
61.95980597478753
61.95980597478753
64.15939406690511
65.39229449980554
66.33941787858839
67.76089081558928
69.15287517531557
100.95436400906247
99.09697270471464
111.72923076923077
79.44421052631577
79.44421052631577
64.18706766917293
71.78736418511066
67.79321784364724
86.28672433715373
100.70221729490021
105.8205741626794
111.48421052631579
103.81179673321235
120.16394984326018
105.33061650992684
104.1030303030303
121.47719298245612
126.8269197584124
114.44431106276024
80.71799527328656
83.17528604118993
120.98646616541352
143.00225563909774
141.1285714285714
102.82340425531913
80.11932262266608
65.66783747415123
65.91217515431595
67.58878425949649
69.40801134349522
68.46088796471237
67.95610242766878
67.47257101850069
67.24787082914659
79.29652233628568
110.21231180996988
111.13979769794207
97.69916183107672
73.16402669594159
83.30216090216089
99.86926046926047
94.47692307692307
89.72064777327934
78.96240601503759
73.59157345776435
63.9001034033179
60.24882135203584
74.02772345170698
75.5765471706886
109.572943567085
100.90973785650745
104.41964850660503
74.79518193477003
73.15354820617978
72.40442498897146
72.40442498897146
85.28028031643969
97.57326950374349
91.26392471319568
121.5395845372426
125.35955473098328
122.1375494071146
79.20619504718883
63.84235888335266
67.7526563661902
83.43042220936957
110.81503759398495
111.05423132298833
96.30395136778114
66.59532336212344
67.60525244013762
63.78450305207511
64.656606757291
62.07178827544281
80.64281761871248
108.29661766666263
110.36549411952531
96.36433738152647
74.07453416149067
79.33714285714285
71.80491389207808
64.95876004592421
56.256537823702
74.22100122100122
69.50476190476189
77.83224728487886
62.501398423595205
74.41943594163273
78.67780914737435
93.47889610389609
87.31439393939394
75.89193404634581
67.06865818427684
72.19290060851927
110.58505747126436
107.39333333333333
105.24505747126436
86.21361093038385
102.996468073241
101.1681481906291
83.11626139817628
66.33340425531915
78.06161290322581
107.90917387883556
113.93378926345095
103.21550969355846
69.06752854988149
63.70353172196713
63.18758969298163
67.48800986104885
67.48800986104885
66.29123711340206
66.52544763971784
66.9890396093326
65.9095975232198
65.9095975232198
66.3931289323879
68.1753567171188
76.64766792993345
116.50345540621427
144.637194008038
148.13228517213338
107.32937431706969
77.83223145992685
64.11848263437093
76.5494769808957
108.5894769808957
118.80813464235624
102.7703148425787
72.09371909789786
63.38719735876742
68.70673758865247
67.13184818481847
95.73899104196133
103.88625472355338
104.31349744782581
73.05268486591231
74.0336263125254
98.89265134546346
100.87207864599169
87.25378342769648
59.721655686257456
59.294412961985024
62.07178827544281
94.02627626532905
108.4777614138439
109.180547112462
79.47191910680428
63.64969688458207
94.32629262926292
105.05837479270315
121.48398684543383
124.2945131612233
114.20983451364486
99.80236305048334
79.79522656520234
108.85645105499827
108.85645105499827
93.19152276295132
61.930710181037824
59.5529736318727
59.5529736318727
59.91926017907325
73.36261682242989
100.290821950635
102.12412349555206
90.20376150460183
64.7577133946362
64.7577133946362
67.54987025738129
67.54987025738129
66.9024667415195
65.65334393450196
78.08433828102673
105.48127797499613
102.5933977239097
125.87151455041362
135.0557897346888
