65.68774193548387
67.80026940801133
69.40801134349522
68.46088796471237
67.95610242766878
67.47257101850069
67.24787082914659
79.29652233628568
110.21231180996988
111.13979769794207
97.69916183107672
65.8749194068343
96.55151515151515
113.11861471861471
115.01538461538459
89.72064777327934
78.96240601503759
110.2591093117409
109.19182083739047
100.22099855622335
69.18510112032591
74.02772345170698
75.5765471706886
109.572943567085
100.90973785650745
104.41964850660503
74.79518193477003
73.15354820617978
77.06563611826769
72.17776426472079
85.05361959218902
71.10296647172459
72.15830244010402
56.28060258035647
64.64255868355247
63.84235888335266
67.7526563661902
83.43042220936957
110.81503759398495
111.05423132298833
96.30395136778114
66.59532336212344
67.60525244013762
63.78450305207511
64.656606757291
62.07178827544281
80.64281761871248
108.29661766666263
110.36549411952531
96.36433738152647
74.07453416149067
79.33714285714285
71.80491389207808
64.95876004592421
56.256537823702
74.22100122100122
69.50476190476189
77.83224728487886
62.501398423595205
74.41943594163273
78.67780914737435
93.47889610389609
87.31439393939394
75.89193404634581
67.06865818427684
72.19290060851927
110.58505747126436
107.39333333333333
103.41673758865247
66.33340425531915
66.33340425531915
78.06161290322581
107.90917387883556
108.79917387883556
96.36817953231079
67.48800986104885
67.48800986104885
67.48800986104885
66.29123711340206
66.52544763971784
66.9890396093326
65.9095975232198
65.9095975232198
66.3931289323879
68.1753567171188
76.64766792993345
116.50345540621427
144.637194008038
148.13228517213338
107.32937431706969
77.83223145992685
64.11848263437093
76.5494769808957
108.5894769808957
118.80813464235624
102.7703148425787
72.09371909789786
63.38719735876742
68.70673758865247
67.13184818481847
95.73899104196133
103.88625472355338
104.31349744782581
73.05268486591231
60.415331094230176
60.415331094230176
60.06224406224406
59.721655686257456
59.294412961985024
62.07178827544281
64.11030987877442
65.68519928260841
64.81309557739252
63.64969688458207
60.888909451692825
75.94378443071615
112.37653296872784
114.20983451364486
99.80236305048334
79.79522656520234
108.85645105499827
108.85645105499827
93.19152276295132
61.930710181037824
59.5529736318727
59.5529736318727
59.91926017907325
73.36261682242989
100.290821950635
102.12412349555206
90.20376150460183
64.7577133946362
64.7577133946362
67.54987025738129
67.54987025738129
66.9024667415195
65.65334393450196
78.08433828102673
105.48127797499613
105.24706744868035
101.30974025974024
95.4842857142857
95.25490427098674
85.27908009516257
63.91908009516256
62.241318681318674
79.84571428571428
114.69624060150375
115.92914103440418
99.36204146730462
64.51151515151516
65.90349951124145
66.12366030283081
66.33941787858839
63.52261933933093
63.74731952868502
61.41480519617069
60.68204361812609
73.677818504048
105.29171811794762
120.88992974238877
106.41199783822735
111.76538129687395
97.4868519319209
98.9690089501604
64.33424021012851
64.95637613245862
63.47421911421911
63.25846153846153
63.91908009516256
63.72347569955817
77.37986914218112
70.29631352254303
70.29631352254303
55.81838161838161
62.45707625707625
63.47421911421911
63.87693404634581
63.66117647058823
64.09709483793517
64.30443321883209
93.80157607597494
105.9104196133899
105.9104196133899
76.84919512359397
76.31943321883207
108.57091836734693
107.71617647058822
96.59117647058822
64.13235294117646
64.76693404634581
63.05539558480734
62.26516251044552
60.84034833091435
60.079664570230605
60.86989764459243
62.07895424836601
62.45211986681464
61.85380053908355
60.64474393530996
61.85380053908355
62.659458247711555
62.85137199434229
61.6423153905687
60.83665768194069
61.23166461675345
61.04333804295694
60.663097722529706
61.2852336448598
62.6826168224299
63.457864077669896
72.6121497919556
68.07104742975088
75.81318335208098
61.857037172678986
82.51182374541003
95.9141766865865
100.29721362229101
83.97204426324984
80.926054958437
83.45740596037624
93.72065581477345
97.60429217840982
95.07294117647058
97.03617647058823
93.15254010695186
88.516707147814
77.391707147814
61.039554037766166
66.75482908301682
64.84768622587396
79.8371599100845
100.53654135338346
96.01590643274854
89.49874396135266
66.74136078378254
73.16913856156033
65.18035875791378
67.70195246179966
69.18528579513298
65.63572567783092
66.11925708699901
66.11925708699901
70.17360274134467
103.41638712165026
96.11382301908615
110.11497975708501
118.63172616856826
116.53652740759769
102.2802345014192
61.28629510747981
71.5024487756122
71.0084617265835
69.52512839325018
67.69680851063829
68.70673758865247
69.42447952413634
61.13350770124963
53.830943598685536
52.88382021990269
61.174792042789406
68.4773561453535
68.70673758865247
68.00395189003436
67.7431460292285
75.15981269589517
73.67765567765566
104.97435897435898
114.86324786324786
116.57478632478633
82.9540704070407
64.33969132207338
64.81309557739252
67.66458072590737
74.82866741321388
93.1821862348178
108.73774179037336
105.7618903971845
89.23669145819247
74.23286004056796
81.96498673740052
74.36564355185044
70.96243426540455
57.34413904710934
93.79175809472838
112.94513003569605
134.00377358490564
113.97877358490565
99.41182655148896
90.99053677396151
80.33894102928066
75.54517774083276
63.815524122133795
61.630581405276175
68.79466809258267
66.90013495276652
67.30284988489322
59.16020354942838
62.69971166036507
62.10139233263398
61.73510578543343
59.9018042405164
60.918947097659256
62.471131673915046
64.30443321883209
61.84708808608872
61.639749705191804
61.8644498945459
62.73957280506704
61.76101315690871
60.68157107079591
61.64165737068804
61.64165737068803
62.721099456800836
73.8638323940563
95.78356851280287
95.55886832344876
83.45604908630118
62.72221099660986
70.18656660186566
103.80878882408787
104.45619233994967
96.13709483793517
63.6782713085234
62.823529411764696
64.13235294117646
66.92450980392155
76.49761904761904
106.34518002322879
143.64041811846687
135.61034293049696
104.05124349334874
85.74267206477731
83.22107836089143
81.09640992587818
57.79459174405999
57.42830519685945
59.9556885639994
62.33342511316452
64.5330132052821
