72.81818181818181
71.02966507177032
71.59414710136863
71.59414710136863
73.66166071298389
72.29697888318577
72.57597574838954
73.15366337516438
72.89852720698474
71.07020732437286
69.6741288930003
70.45673758865247
70.70107526881719
70.1851332398317
71.02234254215728
72.89180990899898
73.94714587737843
72.32732787940068
72.32732787940067
72.60632474460444
72.60632474460445
70.01911544227886
69.46739130434783
69.98333333333332
70.45673758865247
69.42447952413634
69.69114619080301
70.1851332398317
69.94079555966698
68.19079555966698
68.19079555966698
66.82739130434783
66.1531488801054
65.41996810207337
68.33269537480064
70.22946527157052
70.96264604960257
72.42485853591144
70.74824943073091
71.00338559891054
67.5184458398744
67.97252747252747
71.19999999999999
69.48846153846154
69.96186579378067
65.51186579378069
69.24613152804642
69.99525474525473
69.76587330195576
67.7431460292285
68.00395189003436
70.53505747126437
70.53505747126437
69.52512839325018
69.24613152804642
69.48034205436221
69.00693779904306
66.53012889366272
67.77925170068026
68.49699363616413
68.72169382551823
68.20575179653272
70.07521916337444
71.78793394000672
72.30387596899223
71.46666666666665
74.1037037037037
73.33811230585424
72.55550361020207
70.1851332398317
71.76911544227886
71.5194660734149
70.24287032873406
68.90853749515085
70.21352283239425
72.32732787940067
72.32732787940068
70.77800486199254
69.41332303219444
70.46865900057388
71.47858807858807
70.49027113237639
69.43493516399694
69.97432910339089
69.97432910339089
68.77755635574408
67.22823333833597
69.01675008474744
70.21352283239425
69.51073713377613
72.27598454459317
69.59705477870688
69.82643622200584
64.80908009516256
67.48800986104885
69.7897339989799
71.50244877561218
72.28505747126437
72.0060606060606
73.40213903743314
72.87466650996062
71.56968117271722
69.16367366333048
69.16367366333048
69.92926506117993
70.42325211020862
68.52648221343873
68.01054018445323
69.06587615283267
68.8501185770751
67.20848484848484
66.40828504828505
68.78161838161837
69.92926506117993
68.70673758865247
68.44593172784661
69.99525474525474
70.4686590005739
69.48034205436221
68.94094811496825
69.18528579513298
68.72169382551823
66.78427885953184
67.0339282283958
67.73671392701391
67.73671392701391
65.87932262266608
66.6284458398744
68.30505494505493
70.16244624940276
68.93991877687529
68.68478260869566
67.9516018306636
67.49752019801055
65.64012889366272
65.17653692404797
66.59800986104887
67.72222038736464
67.9516018306636
68.46754385964911
70.2560606060606
71.47858807858807
69.99525474525474
69.4558608058608
68.23333333333332
67.77925170068026
66.76932262266608
68.79204989539335
70.21352283239425
70.45786051255897
70.45786051255897
72.07767851053671
72.84326990838618
71.29394689097805
69.92926506117993
71.32534349255249
71.32534349255249
70.10281602002503
67.69680851063829
72.71366399557888
71.82366399557888
71.82366399557888
67.30079555966697
69.94079555966698
70.1851332398317
70.1851332398317
66.52799038268884
68.68966021191085
66.41344537815125
71.19999999999999
70.62231237322514
76.38113590263691
77.6220945083014
77.6220945083014
76.05150627300728
74.5183452049625
76.33699143740182
74.94091300602926
73.07144563918757
70.17360274134467
71.86884083658276
72.11849020544673
72.11849020544673
70.42325211020862
71.75758494379183
73.12226677358994
72.35667537574048
69.38070881356703
67.2669037665606
68.29916183107673
69.20761478163493
68.28012889366272
66.53012889366272
70.41628873771731
70.41628873771731
69.96220710506424
65.38775510204081
78.60823017731681
73.76469276235083
73.76469276235083
61.23250984604367
68.01346222699604
69.95087719298243
72.01839080459769
68.43600086749078
67.92005883850527
65.38895325727526
65.7764713995104
63.70759494664771
64.17118691626246
66.60046731328481
67.47257101850069
66.78427885953184
67.0339282283958
69.01330967169477
69.94079555966698
69.44680851063829
68.41455044612216
69.42447952413634
68.72169382551823
67.32970946579194
66.31978038777775
66.78337235739251
66.78337235739251
65.8558864694203
66.84420341563198
67.7526563661902
68.20673799884325
66.09421052631578
66.57774193548387
68.8794660734149
69.7694660734149
68.59764250527797
79.06231180996988
80.28483928249736
123.21619364242314
117.46007417240293
111.78754669987545
70.0280159080866
62.7883604921849
66.78427885953184
64.96505177553311
74.82503023375746
71.60302490988877
76.5032905462085
65.77120838276828
74.93755507954975
69.62663866941479
70.96233434424542
63.959938681655586
65.70628513030147
65.94547885930484
67.93101903695407
72.4847831941826
76.13174930923381
71.06123761589814
65.81918129970077
62.41655286481428
67.98105160717864
68.90853749515085
67.73671392701391
78.42408452742798
75.11886209029065
74.68294372294372
63.745923753665686
70.69811230585424
72.30585424133811
73.33811230585424
82.56774193548387
120.6285714285714
132.2285714285714
114.13676814988288
75.59240724762725
71.4041719535096
70.98397523219813
71.97229217840982
63.04473799884325
67.7526563661902
67.7526563661902
68.74097331240188
69.66845920037409
68.44593172784661
66.76932262266608
80.8735045742435
123.35077730151622
124.52260086965315
109.49093303010352
66.55957867017774
67.06436420722133
69.00177917320772
69.69007133217659
68.23816241635015
67.97735655554428
69.22647936256183
71.75758494379183
67.70323928944617
66.45411648242865
65.37491981702507
68.92447993432712
68.23618777535827
67.73140223831467
67.48706455814995
67.48706455814995
66.09508019842366
66.58906724745233
67.76089081558928
68.90853749515085
67.48706455814995
67.73671392701391
67.26330967169477
66.61590615583297
65.88272537780094
69.6815058656058
77.7932649867234
81.04399421944375
92.4688979421652
85.9320282248816
81.77284604160303
65.8749194068343
65.1721337082162
67.5963761324586
69.4931460292285
68.62104232401262
66.87104232401262
64.75851485148515
66.09421052631578
62.41812356979404
78.53180778032035
117.076168682576
120.52287419579878
116.95395189003435
120.65265318873566
120.88203463203462
110.97727272727272
66.78846153846153
64.50107836089143
61.86107836089143
63.806827348745685
65.64012889366272
66.07604726100965
76.96683673469387
80.90585812638308
120.13851118760755
121.7799046302305
153.77469460092408
152.07945650568598
163.4978456717587
152.20289855072463
