116.90677966101694
134.10338983050846
130.76153846153846
109.22928039702232
78.31349092333812
68.1753567171188
67.45761478163493
79.42501715854496
81.25333704115684
113.77256781038761
100.0588189848317
126.36423770404353
106.04661983803857
134.98317436501983
117.50103150787697
102.82719638242892
109.36330409356725
105.24857806616998
106.8308002883922
71.76878882408788
62.659458247711555
75.20422015247345
104.91284815813117
106.33766233766234
93.58141528438559
73.23855814152843
78.03317093614122
105.43011063011062
109.36743781905072
100.36292110721693
74.30167708807818
56.03188236667055
79.74295178505703
78.61874125874124
84.68692307692307
69.98037037037037
72.62037037037037
73.5877616747182
99.31495227995758
96.89070985571516
109.8767083818758
86.25914740626604
97.04702619414483
117.05416267942581
119.08844839371153
106.68742885250506
72.49752109341665
61.57956565436029
61.95980597478753
61.95980597478753
64.15939406690511
65.39229449980554
66.33941787858839
67.76089081558928
69.15287517531557
100.95436400906247
99.09697270471464
111.72923076923077
79.44421052631577
79.44421052631577
64.18706766917293
71.78736418511066
67.79321784364724
86.28672433715373
100.70221729490021
105.8205741626794
111.48421052631579
103.81179673321235
120.16394984326018
105.33061650992684
104.1030303030303
121.47719298245612
126.8269197584124
114.44431106276024
80.71799527328656
83.17528604118993
120.98646616541352
143.00225563909774
141.1285714285714
102.82340425531913
80.11932262266608
65.66783747415123
65.91217515431595
67.58878425949649
69.40801134349522
68.46088796471237
67.95610242766878
67.47257101850069
67.24787082914659
79.29652233628568
110.21231180996988
111.13979769794207
97.69916183107672
73.16402669594159
83.30216090216089
99.86926046926047
94.47692307692307
89.72064777327934
78.96240601503759
73.59157345776435
63.9001034033179
60.24882135203584
74.02772345170698
75.5765471706886
109.572943567085
100.90973785650745
104.41964850660503
74.79518193477003
73.15354820617978
72.40442498897146
72.40442498897146
85.28028031643969
97.57326950374349
91.26392471319568
121.5395845372426
125.35955473098328
122.1375494071146
79.20619504718883
63.84235888335266
67.7526563661902
83.43042220936957
110.81503759398495
111.05423132298833
96.30395136778114
66.59532336212344
67.60525244013762
63.78450305207511
64.656606757291
62.07178827544281
80.64281761871248
108.29661766666263
110.36549411952531
96.36433738152647
74.07453416149067
79.33714285714285
84.34461538461538
93.16338983050846
85.22185136897001
76.51962914674777
74.22100122100122
69.50476190476189
77.83224728487886
62.501398423595205
74.41943594163273
78.67780914737435
93.47889610389609
87.31439393939394
75.89193404634581
67.06865818427684
72.19290060851927
110.58505747126436
107.39333333333333
105.24505747126436
86.21361093038385
102.996468073241
101.1681481906291
83.11626139817628
66.33340425531915
78.06161290322581
107.90917387883556
113.93378926345095
103.21550969355846
69.06752854988149
63.70353172196713
63.18758969298163
67.48800986104885
67.48800986104885
66.29123711340206
66.52544763971784
66.9890396093326
65.9095975232198
65.9095975232198
66.3931289323879
68.1753567171188
76.64766792993345
116.50345540621427
144.637194008038
148.13228517213338
107.32937431706969
77.83223145992685
64.11848263437093
76.5494769808957
108.5894769808957
118.80813464235624
102.7703148425787
72.09371909789786
63.38719735876742
68.70673758865247
67.13184818481847
95.73899104196133
103.88625472355338
104.31349744782581
73.05268486591231
74.0336263125254
98.89265134546346
100.87207864599169
87.25378342769648
59.721655686257456
59.294412961985024
62.07178827544281
94.02627626532905
108.4777614138439
109.180547112462
79.47191910680428
63.64969688458207
94.32629262926292
105.05837479270315
121.48398684543383
124.2945131612233
114.20983451364486
99.80236305048334
79.79522656520234
108.85645105499827
108.85645105499827
93.19152276295132
61.930710181037824
59.5529736318727
59.5529736318727
59.91926017907325
73.36261682242989
100.290821950635
102.12412349555206
90.20376150460183
64.7577133946362
64.7577133946362
67.54987025738129
67.54987025738129
66.9024667415195
65.65334393450196
78.08433828102673
105.48127797499613
105.24706744868035
112.677807486631
95.0888746803069
94.85949323700794
73.515601834293
63.91908009516256
77.49846153846153
104.42666666666665
121.20952380952379
141.82005012531326
115.92914103440418
99.36204146730462
64.51151515151516
65.90349951124145
66.12366030283081
66.33941787858839
77.27643784786642
105.15493808517064
105.59979906611409
90.93828040459543
60.68204361812609
73.677818504048
105.29171811794762
120.88992974238877
106.41199783822735
111.76538129687395
97.4868519319209
98.9690089501604
64.33424021012851
64.95637613245862
63.47421911421911
63.25846153846153
63.91908009516256
63.72347569955817
77.37986914218112
103.90470513093463
105.13760556383507
90.46406926406927
62.45707625707625
62.45707625707625
63.47421911421911
63.87693404634581
63.66117647058823
64.09709483793517
64.30443321883209
93.80157607597494
105.9104196133899
105.9104196133899
76.84919512359397
76.31943321883207
108.57091836734693
107.71617647058822
96.59117647058822
64.13235294117646
64.76693404634581
63.05539558480734
62.26516251044552
60.84034833091435
60.079664570230605
60.86989764459243
62.07895424836601
62.45211986681464
61.85380053908355
76.09380053908355
102.37763975155279
103.39478260869565
88.9432974601808
62.85137199434229
61.6423153905687
60.83665768194069
61.23166461675345
61.04333804295694
76.90387073060828
100.66600665293836
102.06338983050847
87.22
63.457864077669896
72.6121497919556
68.07104742975088
75.81318335208098
61.857037172678986
82.51182374541003
95.9141766865865
114.95603715170277
128.33949579831932
107.605657708628
110.84202134499164
83.45740596037624
93.72065581477345
115.91286360698123
126.34509803921567
117.4175438596491
99.10897243107769
86.14538699690402
97.03617647058823
93.15254010695186
129.94109336609336
151.33532413532413
151.33532413532413
115.8555944055944
117.2968899521531
115.93421052631578
115.70482908301682
79.8371599100845
97.13270646878894
106.52385261797026
102.00321769733534
78.19050866723501
66.74136078378254
73.16913856156033
103.24118825100132
120.10615763546797
120.34036816178377
83.04513006654567
65.63572567783092
66.11925708699901
66.11925708699901
70.17360274134467
103.41638712165026
106.72102847186123
144.27707242790518
125.54023032264205
157.83558897243108
124.19163292847503
115.97822269055145
121.37216208449084
132.82391033623907
162.89696969696968
134.9972831765935
119.37831084457771
83.7783108445777
71.5024487756122
71.0084617265835
69.52512839325018
67.69680851063829
68.70673758865247
84.59959473150961
119.6059202059202
129.24758687258685
122.9853267446551
102.72928122545169
93.08761455878502
83.22763610056067
68.4773561453535
68.4773561453535
68.70673758865247
74.08859649122806
69.4266917293233
76.84335839598997
77.6029601029601
89.48805327066196
99.37694215955085
128.24180702441572
121.83700942321632
117.88145386766075
98.29458128078817
134.77142857142854
120.11260504201678
104.21974789915964
65.44117647058823
