84.31578947368419
84.69052631578947
84.69052631578947
85.06526315789472
85.4501280227596
87.01153153153152
88.61603857378505
90.2654594232059
89.85906672914196
86.81253437043276
82.6686190265174
80.44631973745898
81.51360821180941
84.0081027063039
86.23040199536233
87.79180550413426
88.59360730593608
89.0
89.41784037558685
90.2654594232059
90.2654594232059
87.56556776556776
83.42165242165242
80.45498575498576
80.10834505391466
81.84323784143903
84.8099045081057
87.85643686681492
89.01144768152292
89.01144768152292
88.18721461187214
88.18721461187214
88.605054987459
90.30130275398668
92.4527934872663
92.4527934872663
91.58077879038939
89.42928805710977
88.60505498745898
87.78082191780821
87.78082191780821
88.18721461187214
88.59360730593608
89.41784037558685
89.8356807511737
90.68329979879275
92.01055746242157
91.59271708683472
88.4630467571644
84.43589743589743
81.80720545277508
82.9025900681597
83.9979746835443
86.22027397260273
86.60513883746759
86.99000370233247
86.59459459459458
87.81423677198325
89.03387894937191
87.55362946912243
83.20406218590504
79.1683356314564
78.15409061721138
80.15941059843499
83.37090408323284
87.95705545199291
91.62856041761552
93.32480818414322
91.62856041761552
87.95705545199291
83.37090408323284
79.53920153920154
77.53388155797794
77.21229167541244
78.15409061721138
78.15409061721138
76.94251943173208
75.7015608260676
76.01540155483633
78.21616693605506
81.56675517134917
84.38283954840917
86.60513883746759
85.50975422208299
82.07346078578955
76.81318681318682
74.265780730897
74.57214906136171
77.95676444597711
81.59955514365151
84.72948024948025
85.82486486486485
84.72948024948025
82.23498575498576
79.80376624279063
77.84772228674667
77.21229167541244
77.53388155797794
79.48992551402189
83.01525972758849
86.31155602388478
87.40694063926941
85.18464135021097
80.35518398586989
75.87518398586988
73.67441860465115
75.87518398586988
79.25979937048527
82.16284980841942
82.16284980841942
81.47823442380404
81.47823442380404
82.92025974025972
85.48053371286247
87.82478101485626
89.01144768152292
88.61603857378505
84.9019019019019
80.97017499427137
76.94251943173208
75.4093583636873
75.1029900332226
76.63615110126737
78.16931216931216
79.1111111111111
79.1111111111111
79.1111111111111
78.16931216931216
77.53388155797794
77.53388155797794
78.80531012940651
81.55037037037036
84.84666666666666
87.81333333333333
88.59360730593606
86.66720037952913
83.70053371286247
80.8106301106301
80.45498575498576
81.86024891288048
83.96987854251012
83.96987854251012
82.9025900681597
81.460564751704
82.18121252498335
84.40351181404178
87.03220379716413
88.59360730593608
88.19819819819818
87.01153153153152
85.4501280227596
84.69052631578947
85.4708002883922
87.03220379716413
88.18721461187214
87.79180550413426
86.23040199536234
85.07539118065432
84.31578947368419
85.4708002883922
87.03220379716413
88.59360730593608
87.81333333333333
86.62666666666667
84.34461538461538
84.34461538461538
83.96987854251012
85.4501280227596
84.71038776301933
86.68963164737812
89.23653148839561
94.35781020967433
95.22982490655124
92.68292506553375
88.3013866039953
85.0851246051246
84.32552289815447
84.71038776301933
85.07539118065432
86.63679468942627
89.18369453044374
91.16293841480254
90.7565457207386
87.82478101485626
85.48053371286247
83.25823442380404
83.25823442380404
83.9979746835443
87.04450704225351
88.23117370892018
89.01144768152292
87.40694063926941
86.60513883746759
85.82486486486485
85.82486486486485
85.44
86.22027397260273
87.40694063926941
88.18721461187214
87.40694063926941
86.22027397260274
85.44
85.82486486486485
86.20972972972973
86.99000370233246
87.79180550413426
88.59360730593608
89.84761904761903
89.44122635355511
88.25455968688844
84.44027397260274
80.60857142857142
77.86351118760757
77.86351118760757
80.17519949929587
82.92025974025972
84.70025974025972
85.44
84.34461538461538
83.96987854251012
83.23013828276986
84.71038776301933
85.86539857772733
86.60513883746759
85.84553713049746
83.96987854251012
82.87449392712551
82.15384615384616
83.24923076923076
84.72948024948025
86.20972972972973
85.83499288762445
84.71038776301933
83.5857826384142
83.5857826384142
84.32552289815447
85.4501280227596
85.82486486486485
85.4501280227596
84.32552289815447
83.9507860560492
84.32552289815447
85.4501280227596
86.20972972972973
85.46998946998946
82.03369603369603
78.90377092786731
78.20148587115187
80.87817760047517
84.40351181404178
86.23040199536234
86.23040199536234
84.35474340737498
82.87449392712551
82.50949050949052
82.50949050949052
81.82487512487512
80.78461538461538
78.23720930232557
77.90757967269595
78.94783941295569
81.49524549524548
83.23013828276986
83.23013828276986
83.23013828276986
82.86513486513486
82.86513486513486
83.96051948051948
83.60487512487512
81.29318681318682
77.36491095111785
74.5320197044335
74.83838803489822
77.67127928158257
81.22481830154626
83.23013828276986
82.88349758169878
81.14860479417442
78.8369164824861
77.22751322751323
76.592082616179
78.9037709278673
82.34006436416075
84.34538434538433
83.3051246051246
80.17519949929587
78.16987951807228
77.51866000587717
78.48372024684102
80.8540436456996
83.28526315789472
84.69052631578947
84.69052631578947
83.59514170040485
82.52785322605442
81.80720545277508
81.460564751704
81.460564751704
81.11392405063292
81.460564751704
82.52785322605442
83.96987854251012
85.84553713049746
86.60513883746759
86.60513883746759
85.0851246051246
83.96051948051948
83.5857826384142
84.71038776301933
87.05463506501312
90.36113661300074
93.85990811177223
95.18716577540106
93.03567504212144
88.77730183637982
83.73590750086784
80.21057328730124
78.15409061721138
77.83250073464589
78.46793134598012
80.52441401606998
84.14230019493176
87.43859649122805
89.0
87.07359307359306
84.79154179154179
82.16284980841942
81.1225900681597
81.1225900681597
81.82487512487512
82.86513486513486
84.34538434538433
86.27179127179127
88.61603857378505
88.61603857378505
85.9873465906627
81.3314109769806
77.01827025004677
74.25302283922973
74.87323189846319
78.80150776053213
83.39364535266974
85.82486486486485
85.4501280227596
84.69052631578947
83.9507860560492
83.23013828276986
83.23013828276986
83.59514170040485
83.24850099933377
81.84323784143903
80.7759493670886
80.4379746835443
81.84323784143903
83.28526315789472
86.25192982456139
88.23117370892018
89.41784037558685
89.41784037558685
88.19819819819818
86.63679468942627
85.83499288762445
85.4501280227596
86.60513883746759
87.82478101485626
89.42928805710977
89.8356807511737
89.01144768152292
88.18721461187214
88.18721461187214
88.59360730593608
88.59360730593606
87.40694063926941
86.22027397260274
84.70025974025972
85.88692640692639
86.66720037952913
88.59360730593608
87.40694063926941
85.53128205128205
82.9025900681597
80.79296043853006
81.14860479417442
82.97549497549497
85.46998946998946
86.20972972972973
85.4501280227596
84.69052631578947
82.58089668615983
82.21589326852484
83.37090408323284
87.085040755116
86.72939639947164
83.83949279723927
80.45498575498576
79.77037037037036
81.50526315789472
84.88977020014825
87.45004417275099
86.72939639947164
84.0295047418335
80.81801125703565
80.47137055596457
80.47137055596457
82.9025900681597
83.96987854251012
84.32552289815447
82.54552289815447
81.47823442380404
81.1225900681597
80.47137055596457
79.1683356314564
77.51866000587715
78.16987951807228
79.81955514365153
81.46923076923076
82.15384615384616
81.80720545277508
81.460564751704
81.460564751704
82.16284980841942
82.16284980841942
81.47823442380404
80.7759493670886
81.47823442380404
83.6430992886689
85.86539857772733
86.60513883746759
85.12488935721812
82.23498575498576
79.80376624279063
78.78952122854561
79.80376624279063
83.01525972758849
87.15917507150382
91.65515670181382
92.06154939587775
88.58523836513635
81.83405311491686
77.00459575057576
76.01540155483633
77.25636016050082
78.78952122854561
79.1111111111111
78.78952122854561
78.46793134598012
78.14634146341463
78.14634146341463
77.83250073464589
77.51866000587715
77.51866000587717
77.83250073464589
78.79756097560974
80.13339587242027
81.1225900681597
80.79296043853006
78.53775681862055
76.62919389978212
76.30760401721665
77.54856262288112
79.11915085817523
80.45498575498576
82.18987854251012
84.35474340737498
85.83499288762445
86.20972972972973
84.38283954840917
81.25291444258045
77.61012374490602
76.62092954916659
78.6262495303902
83.45570689473128
87.07359307359306
88.59360730593606
87.79180550413426
86.60513883746759
85.82486486486485
84.70025974025972
82.92025974025972
81.14025974025972
80.4379746835443
82.2179746835443
86.47449642267473
91.80015810276679
95.68379446640316
96.60786974219809
96.60786974219809
96.60786974219809
95.24155844155842
92.1381960505248
90.73108142601887
93.59179571173317
97.70652173913044
99.61153846153846
98.11713547646383
96.15390018234618
93.80664743509344
92.01055746242159
90.68329979879275
90.68329979879275
90.2654594232059
89.44122635355511
88.59360730593608
88.18721461187214
88.59360730593608
89.01144768152292
90.2654594232059
90.68329979879275
89.46365762140408
87.05463506501312
85.4501280227596
85.06526315789472
85.82486486486485
86.20972972972973
86.99000370233246
86.99000370233247
85.86539857772735
83.3051246051246
81.14025974025972
80.1
80.1
81.14025974025972
83.3051246051246
85.46998946998946
86.20972972972973
85.0851246051246
85.0851246051246
86.68963164737812
91.31300827075475
96.35290531065178
99.12993672993672
99.12993672993672
97.10577184010019
95.65599808444408
92.95902838747439
89.18369453044374
85.15654520917678
82.87449392712551
83.24923076923076
85.12488935721812
88.69679571173316
92.09739272665854
94.24888345993816
93.80664743509344
91.1863243927708
88.63942455175331
85.86539857772735
83.98973998973999
82.86513486513486
83.23013828276986
84.71038776301933
86.63679468942627
87.79180550413426
86.66720037952913
84.03850839640678
82.51849416406378
82.51849416406378
83.2207792207792
84.34538434538433
85.86539857772733
87.38541281007033
87.38541281007033
86.23040199536234
85.07539118065432
84.31578947368419
84.69052631578947
85.84553713049746
87.40694063926941
89.01144768152292
89.41784037558685
88.61603857378505
86.63679468942627
84.35474340737498
82.87449392712551
82.50949050949052
83.98973998973999
86.27179127179127
89.04581724581723
89.84761904761905
89.04581724581723
86.27179127179127
85.0851246051246
84.32552289815447
85.4501280227596
85.83499288762445
86.99000370233246
87.79180550413426
89.44122635355511
90.69523809523808
89.50857142857141
86.3789010989011
82.56461538461538
81.82487512487512
82.54552289815447
84.71038776301933
86.23040199536233
89.08166057659804
91.62856041761552
93.32480818414322
91.62856041761552
87.95705545199291
83.37090408323284
80.8106301106301
81.1756335282651
83.28526315789472
86.25192982456139
88.23117370892018
89.8356807511737
91.12553582363748
91.55531449566966
91.55531449566966
90.2654594232059
89.01144768152292
88.59360730593608
88.18721461187214
89.44122635355511
92.13819605052481
96.25292207792207
99.64339826839826
99.16035891968727
96.7418806588177
92.92162579630933
89.90589364624881
88.20964587972112
88.20964587972112
89.85906672914196
90.68329979879275
90.68329979879275
91.12553582363748
93.9025672429224
97.7228221054308
100.67106227106225
100.17316017316016
98.14899528332363
94.32874042081525
92.04961109943241
88.64901408450703
90.4451040571789
91.77236172080772
96.66736172080772
97.6483031674208
100.68815136476427
115.85860591021881
109.36743781905072
108.29082491582491
93.65013227513226
102.29615534738485
103.93754879000781
103.4077868852459
100.75502980625932
97.61923337856173
95.20075511769215
92.50378542072247
92.03495311167944
92.03495311167944
92.03495311167944
89.88346237839983
86.66720037952913
84.38514909747786
82.86513486513486
83.23013828276986
83.23013828276986
81.53865903031499
78.8619673009917
76.60676368108219
75.68739495798319
75.09603283173735
75.7015608260676
77.95676444597711
80.15752982719583
81.1225900681597
80.10834505391466
78.80531012940651
78.47568049977687
80.21057328730123
84.14230019493176
88.2862155388471
90.69523809523808
91.98509316770185
93.35140446834151
95.69865721559427
96.6227324913892
94.40880214313049
89.65252683948677
85.15654520917678
82.52785322605442
82.16284980841942
83.25823442380404
86.30476678251325
89.07879275653923
90.68329979879275
90.68329979879275
89.42928805710977
87.08504075511598
84.38514909747786
82.50949050949052
82.50949050949052
83.60487512487512
85.48053371286247
87.40694063926941
88.59360730593608
87.81333333333333
84.51703703703703
80.58531012940651
77.84024988844264
77.84024988844266
80.21057328730123
82.9556335282651
85.06526315789472
85.06526315789472
84.32552289815447
83.23013828276986
82.50949050949052
82.87449392712551
84.75015251511286
85.84553713049746
86.22027397260274
84.34461538461538
82.56461538461538
81.1225900681597
81.47823442380404
83.6430992886689
85.86539857772733
86.99000370233247
86.60513883746759
84.38283954840917
82.2179746835443
80.7759493670886
80.7759493670886
82.18121252498335
82.52785322605442
83.23013828276986
82.50949050949052
83.23013828276986
83.96987854251012
85.06526315789472
85.82486486486485
87.01153153153152
88.19819819819818
88.19819819819818
87.3963963963964
85.46998946998946
84.71038776301933
84.71038776301933
86.63679468942627
89.48805327066196
92.03495311167944
92.88257215929849
91.59271708683472
88.66095238095238
85.53128205128205
83.96987854251012
82.52785322605442
80.57180927001048
77.30375541444131
75.39519249560288
76.01540155483633
79.28345541040548
82.25930680359434
83.9507860560492
83.23013828276986
81.49524549524548
80.79296043853006
80.79296043853006
83.28745493302455
85.50975422208299
86.99000370233247
86.23040199536234
84.35474340737498
83.23013828276986
83.98973998973999
85.46998946998946
86.20972972972973
85.4501280227596
84.32552289815447
83.5857826384142
83.5857826384142
85.1057968707572
87.45004417275099
89.42928805710977
89.42928805710977
87.82478101485626
86.22027397260274
84.34461538461538
84.34461538461538
85.12488935721812
87.82478101485626
88.60505498745898
88.20964587972111
86.60513883746759
85.4501280227596
85.06526315789472
85.84553713049746
87.82478101485626
89.01144768152292
89.41784037558685
87.43859649122805
85.87719298245614
84.31578947368419
84.69052631578947
86.25192982456139
87.81333333333333
88.59360730593606
87.40694063926941
86.22027397260274
85.82486486486485
86.60513883746759
87.79180550413426
88.59360730593608
88.19819819819818
86.63679468942627
85.07539118065432
84.31578947368419
84.69052631578947
85.84553713049746
87.82478101485626
88.60505498745898
88.20964587972111
86.60513883746759
85.4501280227596
85.4501280227596
85.83499288762445
87.3963963963964
88.61603857378505
90.2654594232059
90.68329979879275
89.46365762140408
87.05463506501312
84.71038776301933
83.9507860560492
84.71038776301933
86.63679468942627
88.19819819819818
88.59360730593606
87.79180550413426
86.60513883746759
85.82486486486485
85.44
85.44
85.82486486486485
87.42937190711838
89.03387894937191
89.8356807511737
88.61603857378505
87.01153153153152
85.4501280227596
84.69052631578947
84.69052631578947
85.84553713049746
87.40694063926941
88.18721461187214
87.79180550413426
86.23040199536234
85.07539118065432
83.9507860560492
84.71038776301933
85.86539857772733
88.63942455175331
89.85906672914197
89.46365762140408
87.05463506501312
84.35474340737498
82.52785322605442
82.16284980841942
83.25823442380404
85.48053371286247
86.22027397260274
85.84553713049746
84.32552289815447
83.23013828276986
82.50949050949052
82.50949050949052
83.98973998973999
86.27179127179127
88.61603857378505
88.61603857378505
85.9873465906627
81.95162003621405
79.13553565915406
78.46793134598012
79.80376624279063
81.13960113960114
82.50949050949052
82.50949050949052
82.16284980841942
81.1225900681597
81.1225900681597
81.82487512487512
82.86513486513486
83.5857826384142
83.5857826384142
83.5857826384142
83.5857826384142
85.1057968707572
87.03220379716413
88.59360730593608
88.19819819819818
85.56950621507583
81.95162003621405
79.13553565915406
79.48217636022514
81.91339587242027
84.72948024948025
85.82486486486485
85.0851246051246
83.25823442380404
82.16284980841942
82.52785322605442
84.35474340737498
87.05463506501312
85.9873465906627
89.98402018733628
81.25951314508276
75.3700533130236
76.41327675624704
89.50488965947285
104.55976463849618
106.85839256424275
108.61016949152541
108.00677966101694
105.70815173527036
100.91652661064424
95.40103365289777
91.58077879038939
90.25352112676056
89.8356807511737
89.41784037558685
89.0
88.19819819819818
86.63679468942627
85.83499288762445
85.07539118065432
85.83499288762445
87.05463506501312
89.90589364624881
91.12553582363748
90.30130275398669
87.82478101485626
86.60513883746759
87.01153153153152
88.61603857378505
90.70769544805061
92.4527934872663
92.88257215929849
92.01055746242159
88.70405591443395
86.29503335804299
83.9507860560492
83.9507860560492
84.32552289815447
85.4501280227596
85.0851246051246
84.71038776301933
83.9507860560492
85.87719298245614
88.2862155388471
91.1374741200828
93.35140446834151
92.92162579630933
92.04961109943241
89.8356807511737
89.41784037558685
89.0
89.41784037558685
89.8356807511737
89.8356807511737
89.8356807511737
89.8356807511737
91.12553582363748
91.12553582363748
91.55531449566966
91.55531449566965
92.88257215929849
92.4527934872663
91.58077879038939
89.8356807511737
89.01144768152292
89.01144768152292
89.85906672914196
91.55531449566965
92.88257215929849
92.88257215929849
92.01055746242159
90.68329979879275
89.42928805710977
88.60505498745898
87.78082191780821
87.00054794520547
86.60513883746759
86.20972972972973
87.3963963963964
88.19819819819818
88.59360730593606
87.79180550413426
87.38541281007033
87.79180550413426
88.59360730593608
89.41784037558685
89.8356807511737
89.8356807511737
89.41784037558685
88.59360730593606
87.79180550413426
87.38541281007033
87.38541281007033
86.6258111031002
85.84553713049746
85.06526315789472
85.82486486486485
85.82486486486485
85.82486486486485
86.22027397260273
87.00054794520547
87.78082191780821
87.38541281007033
86.99000370233247
85.83499288762445
84.35474340737498
82.52785322605442
81.460564751704
82.18121252498335
83.62323784143904
85.84553713049746
87.82478101485626
88.20964587972111
87.05463506501312
85.07539118065432
82.91052631578947
81.50526315789472
80.78461538461538
82.18987854251012
84.35474340737498
86.63679468942627
90.4121285464569
97.75065351210051
120.1815478210436
112.03428413945156
107.71149132386844
86.12821606254441
92.06154939587775
89.44122635355511
87.03220379716413
83.73590750086784
79.90420495683654
78.49894179894179
80.60857142857142
84.44027397260272
88.25455968688844
90.28884540117416
91.11307847082495
89.46365762140408
86.68963164737812
83.6430992886689
81.81620910734836
80.44631973745898
80.79296043853006
80.79296043853006
81.460564751704
81.11392405063292
80.12472985489349
79.78675517134917
79.11915085817523
78.80531012940651
78.80531012940651
78.80531012940651
80.10834505391466
81.51360821180941
83.62323784143904
85.4501280227596
87.42937190711838
89.4636576214041
90.2654594232059
88.2862155388471
85.15654520917678
82.52785322605442
81.460564751704
82.5559493670886
84.38283954840917
86.20972972972973
86.99000370233246
86.99000370233247
86.60513883746759
85.4501280227596
85.06526315789472
85.06526315789472
85.82486486486485
86.60513883746759
87.79180550413426
89.44122635355511
90.2654594232059
89.85906672914196
87.82478101485626
85.84553713049746
84.69052631578947
85.07539118065432
86.23040199536233
87.38541281007033
87.78082191780821
87.38541281007033
86.23040199536234
84.0081027063039
82.52785322605442
81.80720545277508
83.24923076923076
82.56461538461538
86.59176470588234
89.06828644501277
92.88257215929849
91.98509316770185
91.54285714285713
91.98509316770185
90.73108142601887
88.69679571173316
85.84553713049746
84.69052631578947
85.4708002883922
86.6258111031002
87.38541281007033
86.60513883746759
85.82486486486485
85.82486486486485
86.20972972972973
87.3963963963964
88.61603857378505
89.8356807511737
88.64901408450703
86.30476678251325
83.96051948051948
83.2207792207792
83.96051948051948
84.70025974025972
85.44
85.06526315789472
85.06526315789472
83.62323784143904
82.2179746835443
80.4379746835443
80.4379746835443
80.7759493670886
81.11392405063292
80.7759493670886
81.1225900681597
81.46923076923076
82.87449392712551
83.96987854251012
85.4501280227596
85.82486486486485
84.72948024948025
81.59955514365153
79.81955514365151
80.17519949929587
83.70053371286247
86.26080768546521
87.38541281007033
86.60513883746759
85.4501280227596
84.32552289815447
83.5857826384142
84.34538434538433
85.46998946998946
85.83499288762445
85.07539118065432
83.24850099933377
82.88349758169878
83.25823442380404
85.0851246051246
86.20972972972973
85.83499288762445
84.35474340737498
82.52785322605442
81.80720545277508
82.9025900681597
85.94912242686891
89.07879275653923
90.2654594232059
87.92121212121211
83.77729677729677
79.53920153920154
78.49894179894179
79.86883116883116
82.54552289815447
84.32552289815447
84.32552289815447
83.96051948051948
83.5857826384142
85.51218956482114
87.03220379716413
88.18721461187214
87.38541281007033
86.60513883746759
85.4501280227596
85.4501280227596
85.83499288762445
87.3963963963964
87.79180550413426
88.18721461187214
87.00054794520547
86.22027397260274
85.06526315789472
85.84553713049746
86.6258111031002
88.18721461187214
87.79180550413426
86.63679468942627
84.71038776301933
83.5857826384142
83.2207792207792
83.96051948051948
84.70025974025972
85.06526315789472
84.32552289815447
83.23013828276986
83.60487512487512
85.53128205128205
88.23117370892018
89.01144768152292
88.20964587972111
85.16311352101191
83.6430992886689
82.51849416406378
82.86513486513486
81.82487512487512
81.46923076923076
81.46923076923076
83.63409563409564
85.91614691614691
89.04581724581723
90.2654594232059
90.68329979879275
89.42928805710977
88.20964587972111
87.38541281007033
88.20964587972112
90.7565457207386
90.7565457207386
82.92203867848508
74.72766527695056
70.5968030690537
75.38477775259801
79.90764618850991
82.51849416406378
83.5857826384142
84.71038776301933
86.23040199536233
86.99000370233247
86.60513883746759
84.38283954840917
82.2179746835443
80.4379746835443
79.77037037037036
79.77037037037036
79.44074074074072
80.10834505391466
80.10834505391466
81.1225900681597
81.1225900681597
81.1225900681597
80.4379746835443
80.78461538461538
82.18987854251012
83.96987854251012
86.25192982456139
86.62666666666667
87.01153153153152
86.20972972972973
86.99000370233246
86.60513883746759
87.00054794520547
87.00054794520547
87.00054794520547
86.22027397260274
85.44
86.22027397260273
87.40694063926941
89.01144768152292
90.70769544805061
91.55531449566966
91.1374741200828
89.44122635355511
88.18721461187214
88.18721461187214
89.01144768152292
89.8356807511737
89.42928805710977
87.45004417275098
85.10579687075722
83.9507860560492
84.32552289815447
85.84553713049746
87.00054794520547
87.78082191780821
87.00054794520547
85.84553713049746
83.96987854251012
83.23013828276986
81.49524549524548
81.14860479417442
81.14860479417442
83.25823442380404
83.60487512487512
83.60487512487512
82.86513486513486
83.5857826384142
83.9507860560492
82.91052631578947
80.8540436456996
77.58598979013045
76.31456121870188
77.30375541444131
80.57180927001048
84.0081027063039
85.07539118065432
85.07539118065432
83.9507860560492
83.9507860560492
83.9507860560492
83.59514170040485
81.53865903031499
79.48217636022514
79.13553565915406
80.47137055596457
82.52785322605442
82.87449392712551
82.87449392712551
81.80720545277508
82.16284980841942
82.51849416406378
82.86513486513486
82.86513486513486
81.49524549524548
81.14860479417442
80.79296043853006
83.28745493302455
84.72948024948025
84.72948024948025
81.91339587242027
79.1683356314564
77.51866000587715
78.16987951807228
79.13493975903614
80.4379746835443
79.16654611211573
79.85116149673112
80.1978021978022
82.50949050949052
82.50949050949052
82.16284980841942
80.79296043853006
80.10834505391466
81.55037037037036
84.04486486486485
86.60513883746759
86.60513883746759
84.44027397260274
81.22878048780487
78.79756097560974
77.22697274031563
76.01540155483633
75.39519249560288
75.10299003322258
76.965780730897
79.64247246022032
82.54552289815447
83.23013828276986
81.82487512487512
80.45498575498576
79.77037037037036
79.77037037037036
80.78461538461538
81.1225900681597
80.79296043853006
80.44631973745898
81.14860479417442
82.16284980841942
80.85981488391127
78.54812657222296
77.21229167541244
79.21761165663605
82.26904022806461
85.0851246051246
85.4501280227596
83.34049839312996
79.90420495683654
77.22751322751323
77.55714285714285
80.23383458646616
82.54552289815447
83.5857826384142
82.86513486513486
82.86513486513486
82.16284980841942
82.16284980841942
80.47137055596457
77.9851200103513
76.02907605430734
76.35066593687283
78.49894179894179
80.8106301106301
82.92025974025972
84.70025974025972
84.70025974025972
83.96051948051948
82.51849416406378
81.47823442380404
80.10834505391466
80.45498575498576
81.13960113960114
82.15384615384616
81.46923076923076
80.78461538461538
80.1
80.78461538461538
82.18987854251012
82.87449392712551
82.87449392712551
81.80720545277508
80.79296043853006
80.44631973745898
80.79296043853006
81.80720545277508
81.80720545277508
80.79296043853006
78.8369164824861
78.16931216931216
78.8369164824861
81.14860479417442
82.16284980841942
81.49524549524548
79.18355718355718
77.22751322751323
76.592082616179
78.20148587115187
81.25291444258045
84.38283954840917
85.4501280227596
83.34049839312996
79.90420495683654
76.63615110126737
76.00072048993314
77.95676444597711
80.15752982719583
81.80720545277508
80.79296043853006
80.45498575498576
79.44074074074072
80.45498575498576
81.13960113960114
82.15384615384616
81.46923076923076
80.78461538461538
79.77037037037036
79.77037037037036
80.45498575498576
80.78461538461538
79.81955514365153
78.16987951807228
77.84024988844266
79.84556986966624
81.85088985088984
82.18051948051948
96.3226126814362
109.65927601809952
118.55927601809952
101.22864721485409
95.16811758055397
85.30305733959013
83.71907513714297
71.92007299886784
71.31454500453758
74.71717343942407
77.87015250544661
79.1111111111111
78.78952122854561
79.80376624279063
81.53865903031499
84.35474340737498
85.4501280227596
85.4501280227596
83.96987854251012
81.86024891288048
79.18355718355718
77.53388155797794
78.54812657222296
80.85981488391127
82.16284980841942
81.47823442380404
80.10834505391466
79.44074074074072
79.44074074074072
80.8106301106301
83.3051246051246
85.86539857772733
86.99000370233247
86.99000370233247
86.99000370233246
87.38541281007033
87.38541281007033
86.23040199536234
84.71038776301933
81.89430338595935
80.15941059843499
79.80376624279063
81.86024891288048
84.35474340737498
85.07539118065432
84.0081027063039
81.19201832924392
79.45712554171955
79.11915085817523
79.44074074074072
79.11915085817523
78.46793134598012
78.14634146341463
78.46793134598012
79.45712554171955
80.44631973745898
81.11392405063292
81.11392405063292
80.12472985489349
79.78675517134917
79.44878048780487
80.78461538461538
81.46923076923076
82.15384615384616
82.15384615384616
82.15384615384616
82.15384615384616
82.87449392712551
82.87449392712551
81.53865903031499
78.27060517474584
76.01540155483633
75.7015608260676
78.2489669083574
79.81955514365151
80.45498575498576
79.11915085817523
78.78952122854561
79.45712554171955
81.51360821180941
82.18121252498335
81.51360821180941
78.8369164824861
76.07166907166906
75.12987012987013
76.07166907166906
78.16931216931216
78.78952122854561
78.46793134598012
77.83250073464589
78.15409061721138
79.14328481295081
79.45712554171955
77.63847930928021
73.0847151520517
70.76926799758016
109.04107327141381
126.85874953755086
130.51003158883293
93.11507360563964
77.9425985778927
75.68739495798319
75.99376328844791
77.56435152374202
80.17519949929587
82.54552289815447
82.54552289815447
80.54020291693087
77.86351118760757
76.592082616179
77.22751322751323
79.18355718355718
79.80376624279063
79.1683356314564
76.91313201154689
76.59929128277817
77.56435152374202
78.80531012940651
78.80531012940651
77.84024988844264
77.20481927710843
78.16987951807228
79.81955514365153
79.51318681318682
77.08591408591408
74.25302283922973
74.25302283922974
77.36491095111785
80.91844997108154
83.23013828276986
82.88349758169878
81.14860479417442
79.45712554171955
80.15941059843499
82.65390509292948
85.86539857772733
86.99000370233247
85.50975422208299
82.29826073728512
80.81801125703565
81.91339587242027
83.60487512487512
81.95519949929587
78.02692363722691
74.83838803489822
74.83838803489822
77.32463858051148
79.81088912612475
81.460564751704
80.47137055596457
79.48217636022514
78.46793134598012
79.11915085817523
80.10834505391466
80.10834505391466
79.14328481295081
77.53388155797794
77.53388155797794
78.16931216931216
79.1111111111111
78.16931216931216
75.53227513227512
73.7136288998358
73.41446923597024
75.10970733120834
76.29292295231345
77.53388155797794
78.80531012940651
80.45498575498576
82.18987854251012
81.86024891288048
78.20896686159843
72.3537037037037
91.43014184397163
110.41680851063829
112.71853264856932
92.70029556650246
76.02907605430734
76.60676368108219
76.30760401721663
75.99376328844791
77.2347218941124
78.80531012940651
79.11915085817523
78.1773519163763
76.31456121870188
74.81750486882804
74.81750486882805
76.35066593687283
77.22751322751323
76.07166907166906
73.97402597402596
73.67486631016043
75.45091952523802
78.56280763712614
81.91339587242027
84.72948024948025
86.20972972972973
85.83499288762445
85.4501280227596
85.84553713049746
86.60513883746759
86.60513883746759
84.72948024948025
82.23498575498576
80.45498575498576
80.10834505391466
82.2179746835443
84.38283954840917
85.82486486486485
85.0851246051246
82.92025974025972
81.14025974025972
80.4379746835443
81.1225900681597
81.80720545277508
81.80720545277508
80.47137055596457
77.92396447367476
75.15871706285772
74.53850800362429
76.07166907166906
79.18355718355718
81.86024891288048
83.23013828276986
82.54552289815447
79.86883116883116
76.68029556650247
75.4088669950739
76.68029556650245
79.51318681318682
81.46923076923076
81.80720545277508
80.79296043853006
78.8369164824861
78.16931216931216
79.53920153920154
81.85088985088984
82.18051948051948
80.48904022806461
77.87819225251076
76.60676368108219
77.59595787682161
80.57180927001048
84.40351181404178
86.6258111031002
87.78082191780821
86.26080768546521
84.38514909747786
82.86513486513486
83.60487512487512
84.32552289815447
84.32552289815447
83.23013828276986
82.16284980841942
82.16284980841942
82.88349758169878
85.1057968707572
87.03220379716413
87.79180550413426
86.27179127179127
83.3051246051246
80.8106301106301
80.45498575498576
81.49524549524548
83.98973998973999
87.1194103194103
91.25974759407595
92.9091684434968
92.9091684434968
89.89343629343628
87.48441373704532
83.6701280227596
79.9346749226006
76.10213903743315
73.40213903743316
74.0076670317634
77.84020291693088
81.94546607482562
83.9507860560492
82.88349758169878
80.51317418284019
77.32463858051148
74.83838803489822
74.53201970443351
75.7152353255386
76.8984509466437
76.59929128277817
75.99376328844791
75.99376328844791
76.29292295231346
77.21229167541244
78.51532659992061
80.47137055596457
81.1225900681597
80.13339587242027
77.30050462573591
74.33383795906923
73.7136288998358
75.53227513227512
77.84772228674667
78.46793134598012
77.83250073464589
77.83250073464589
78.15409061721138
79.45712554171955
80.44631973745898
80.7759493670886
79.78675517134917
79.11915085817523
79.45712554171955
81.14860479417442
83.6430992886689
85.46998946998946
86.20972972972973
84.72948024948025
81.29318681318682
77.9425985778927
77.59595787682161
78.53775681862055
78.8369164824861
77.22751322751323
76.28571428571429
76.90592334494774
78.51532659992061
80.12472985489349
80.7759493670886
80.10834505391466
79.77037037037036
79.77037037037036
80.78461538461538
81.82487512487512
82.16284980841942
81.81620910734836
81.11392405063292
79.81088912612475
77.61012374490602
73.29555331668087
71.0331410301722
71.32534349255249
75.63991392077766
79.55200183286557
81.460564751704
81.1225900681597
79.78675517134917
79.11915085817523
78.78952122854561
79.77871542428504
79.77871542428504
78.8369164824861
76.92835356364768
75.68739495798319
76.30760401721665
78.21616693605506
79.78675517134917
79.47291444258045
77.27214906136172
75.4093583636873
75.1029900332226
76.63615110126737
79.90420495683654
81.86024891288048
82.18987854251012
79.21402714932127
76.66662106703146
75.7015608260676
76.62092954916659
76.62092954916659
75.15871706285772
74.53850800362429
75.12987012987013
77.89511754068717
79.85116149673112
81.80720545277508
80.50417052826691
79.48992551402189
76.37803740213377
79.90337161570037
79.90337161570037
81.67942483077798
77.84772228674667
77.84772228674667
77.84772228674667
79.11915085817523
78.1773519163763
78.1773519163763
78.51532659992061
81.19201832924392
82.88349758169878
82.54552289815447
80.48904022806461
77.58598979013045
76.93477027793533
77.58598979013044
79.44878048780487
79.44878048780487
77.87819225251076
76.60676368108219
76.60676368108219
77.84772228674667
80.15941059843499
81.85088985088984
83.2207792207792
82.18051948051948
79.86883116883116
76.68029556650247
76.68029556650245
79.35698729582577
84.06553713049746
86.23040199536234
86.99000370233247
85.46998946998946
83.98973998973999
83.60487512487512
83.24923076923076
81.91339587242027
78.56280763712614
76.60676368108219
76.92835356364768
79.53920153920154
81.14860479417442
81.81620910734836
80.7759493670886
79.78675517134917
78.79756097560974
78.14634146341463
79.13553565915406
81.19201832924392
82.88349758169878
82.88349758169878
80.82701491160893
78.51532659992061
77.21229167541244
77.53388155797794
78.47568049977687
78.47568049977687
76.65703426733754
74.83838803489822
73.94065757818765
74.81750486882805
76.63615110126737
78.8369164824861
80.10834505391466
78.57518398586988
75.80993657505284
73.66166071298389
73.95386317536419
75.41607566167306
78.2489669083574
80.85981488391127
82.50949050949052
81.49524549524548
79.48992551402189
77.23472189411238
76.9131320115469
78.21616693605506
79.78675517134917
80.10834505391466
78.49894179894179
76.63615110126737
76.00072048993314
76.62092954916659
78.15409061721138
78.46793134598012
79.11915085817523
79.11915085817523
79.77037037037036
80.8106301106301
82.18051948051948
81.52929996832435
79.8378207158695
76.93477027793533
76.31456121870188
76.31456121870188
76.60676368108219
76.30760401721663
75.38823529411765
76.62919389978214
78.88439751969163
81.86024891288048
82.87449392712551
82.52785322605442
79.85116149673112
77.89511754068717
77.22751322751323
77.84772228674667
77.84772228674667
76.02907605430734
74.5320197044335
74.23286004056796
75.72991639044179
77.22697274031563
77.52613240418118
77.21229167541244
76.29292295231345
75.99376328844791
76.62919389978214
79.60504529297097
83.34049839312996
84.71038776301933
82.34006436416074
77.2085328326292
73.2016064257028
71.73939393939392
73.13547237076648
74.23934833975873
75.39519249560288
76.63615110126737
78.49894179894179
80.45498575498576
80.78461538461538
80.45498575498576
79.44074074074072
79.1111111111111
80.12535612535612
81.49524549524548
82.16284980841942
80.51317418284019
77.90232620728632
75.7015608260676
76.66662106703146
79.64247246022032
83.28526315789472
84.32552289815447
84.32552289815447
84.32552289815447
85.4501280227596
86.60513883746759
87.79180550413426
87.40694063926941
84.84666666666666
81.22878048780487
79.11915085817523
79.45712554171955
81.14860479417442
82.51849416406378
82.51849416406378
81.47823442380404
79.78675517134917
79.11915085817523
79.80376624279063
81.86024891288048
83.23013828276986
83.9507860560492
82.88349758169878
81.84323784143903
81.84323784143903
83.28526315789472
84.69052631578947
84.69052631578947
83.59514170040485
82.18987854251012
80.78461538461538
81.14025974025972
83.70053371286247
87.085040755116
89.85906672914196
91.11307847082493
90.69523809523808
88.66095238095238
87.01153153153152
85.82486486486485
85.4501280227596
83.62323784143904
82.18121252498335
82.18121252498335
85.22774488369257
89.60153490603061
92.90803645401822
93.33781512605042
90.79091528503292
87.85915057915057
84.04486486486485
82.56461538461538
81.82487512487512
82.16284980841942
81.81620910734836
80.44631973745898
79.77871542428504
79.77871542428504
80.44631973745898
82.5559493670886
84.38283954840917
85.82486486486485
85.0851246051246
84.32552289815447
84.32552289815447
84.69052631578947
85.84553713049746
85.47080028839221
84.75015251511286
80.619290307216
77.0657512872523
74.5183452049625
74.81750486882805
76.63615110126737
76.92835356364768
78.53775681862055
78.86738644825019
79.47291444258045
78.48372024684102
78.15409061721138
79.80376624279063
81.13960113960114
81.46923076923076
80.78461538461538
78.52941176470587
76.38113590263691
75.41607566167306
77.32463858051148
79.81088912612475
81.460564751704
81.460564751704
80.47137055596457
80.12472985489349
80.12472985489349
81.81620910734836
80.20680585237548
77.44155844155844
73.97402597402596
74.28039430449068
77.3922824163788
81.22481830154626
82.87449392712551
82.87449392712551
80.50417052826691
78.54812657222296
77.21229167541244
77.52613240418118
76.93477027793533
76.01540155483633
75.39519249560288
75.98655462184874
78.5974025974026
80.20680585237548
80.82701491160893
78.21616693605506
76.01540155483633
75.39519249560288
76.63615110126737
79.18355718355718
80.12535612535612
78.59219505731133
74.94091300602926
72.30387596899223
71.73939393939392
74.37643097643097
77.34309764309762
80.45498575498576
78.63633952254642
82.89286126167684
82.20824587706147
88.17080745341613
88.17080745341613
92.88257215929849
95.22982490655124
97.6483031674208
99.09807692307692
97.1930602006689
94.3323459149546
91.1374741200828
89.84761904761905
90.28985507246375
93.48472686733555
97.7228221054308
100.67106227106225
101.1845238095238
97.36426894701542
92.71978101485625
87.08504075511598
85.10579687075722
84.32552289815447
87.09954887218043
88.25455968688844
89.03483365949118
85.55852262874978
81.42766042085292
74.41738644825018
68.73941176470588
65.18575757575758
63.87693404634581
64.76693404634581
64.98709483793516
67.0136603028308
68.49699363616413
71.53828457114278
73.99911406423034
76.00072048993314
76.8984509466437
77.20481927710843
76.89845094664372
76.00072048993314
75.69435215946844
75.69435215946844
78.24175824175825
81.67805167805167
85.50975422208299
86.99000370233247
85.16311352101191
81.95162003621405
79.13553565915406
79.48217636022514
81.53865903031499
83.96987854251012
84.69052631578947
85.06526315789472
84.69052631578947
85.06526315789472
84.69052631578947
85.4501280227596
85.83499288762445
89.14149443561207
91.23315130987766
94.24888345993816
93.79364049318625
94.71771576898118
93.35140446834151
92.06154939587775
88.2862155388471
85.51218956482114
84.32552289815447
85.88692640692639
87.4069406392694
88.18721461187214
87.78082191780821
87.00054794520547
86.60513883746759
85.0851246051246
84.71038776301933
83.23013828276986
83.23013828276986
83.23013828276986
85.1057968707572
85.84553713049746
85.84553713049746
84.32552289815447
83.9507860560492
84.32552289815447
85.4501280227596
87.01153153153152
87.01153153153152
86.62666666666667
84.70025974025972
84.32552289815447
83.9507860560492
84.69052631578947
85.84553713049746
86.22027397260274
86.22027397260274
85.06526315789472
84.32552289815447
83.5857826384142
83.5857826384142
84.71038776301933
84.71038776301933
83.6430992886689
81.81620910734836
81.81620910734836
83.25823442380404
85.0851246051246
86.60513883746759
86.99000370233247
86.99000370233247
84.76770441327403
82.94081423195348
80.7759493670886
81.47823442380404
82.18051948051948
83.2207792207792
84.74079345312221
86.26080768546521
88.605054987459
89.42928805710977
90.25352112676056
81.74477166026462
91.21582017356666
88.51592851592852
93.97814562371525
82.16284980841942
83.25823442380404
84.70025974025972
84.34461538461538
83.24923076923076
81.80720545277508
82.16284980841942
82.16284980841942
81.49524549524548
80.79296043853006
75.89255558023046
79.60669225211362
78.61749805637419
81.86822728909453
77.21229167541244
76.29292295231345
76.60676368108219
78.21616693605506
79.13553565915406
78.21616693605506
75.17819225251075
74.25882352941176
75.82941176470587
78.86738644825019
80.7759493670886
81.11392405063292
80.44631973745898
79.14328481295081
78.80531012940651
76.16827309236947
73.15673758865248
68.4773561453535
67.71176474750405
70.72330025122105
74.43762145355615
77.20481927710843
76.02160365600332
75.12387319929276
74.2261427425822
75.72319909245604
78.6262495303902
81.89430338595935
82.88349758169878
81.19201832924392
77.63847930928021
74.87323189846317
73.09717868338558
73.09717868338558
74.55939116969445
77.67127928158257
80.50417052826691
81.46923076923076
80.13339587242027
77.87819225251076
75.45091952523802
73.95386317536419
74.25302283922974
77.36491095111785
81.67805167805167
84.72948024948025
85.0851246051246
82.5906301106301
78.94783941295569
76.33699143740182
76.01540155483633
75.17819225251075
73.2661717921527
70.68991877687529
70.42325211020862
72.63443223443223
75.53227513227512
78.8369164824861
80.44631973745898
79.81088912612475
78.50785420161658
76.30708882039787
75.4093583636873
75.1029900332226
77.6503961155124
80.1978021978022
81.46923076923076
80.13339587242027
77.87819225251076
76.91313201154689
77.56435152374202
79.81955514365153
81.46923076923076
81.46923076923076
79.51318681318682
77.25798319327731
76.60676368108219
78.21616693605506
80.12472985489349
80.7759493670886
79.78675517134917
79.11915085817523
79.11915085817523
80.8106301106301
83.70053371286247
85.48053371286247
85.84553713049746
83.96987854251012
81.53865903031499
80.47137055596457
80.82701491160893
81.81620910734836
80.82701491160893
77.92396447367476
74.88598979013045
75.53720930232558
77.73797468354431
81.1225900681597
81.80720545277508
81.13960113960114
79.48992551402189
77.84024988844264
77.84024988844266
78.47568049977687
78.47568049977687
76.37803740213377
74.28039430449068
73.97402597402598
76.07166907166906
77.22751322751323
75.7989417989418
72.90109890109889
71.74525474525474
73.17382617382617
76.739273384843
79.85116149673112
81.80720545277508
81.13960113960114
78.30670989291679
75.47381864623243
74.83838803489822
76.98666389696717
77.27214906136172
75.53720930232558
72.57054263565891
72.57054263565891
75.2705426356589
78.92182468694097
81.1225900681597
79.55200183286557
76.71911058618122
75.10970733120834
76.68029556650245
78.1773519163763
77.30050462573591
73.81789593008374
70.01911544227886
67.9516018306636
69.86362229102167
74.31362229102166
78.52941176470588
78.82857142857142
76.12857142857143
73.7012987012987
74.0076670317634
77.74792677202315
81.21545923955563
81.21545923955561
76.69259080364371
70.97294962008499
67.0339282283958
67.0339282283958
70.14272143640065
73.47621483375958
75.09603283173735
73.69995440036479
71.78793394000674
71.5024487756122
72.04184271500613
72.04184271500614
70.96264604960257
69.90731008122313
71.52712807920088
74.10338109447828
76.62092954916659
75.51705358017435
71.71827309236947
68.00395189003436
66.99402281202018
68.4773561453535
70.72946486137974
72.0060606060606
73.10993657505284
74.265780730897
76.965780730897
78.1773519163763
79.44878048780487
79.44878048780487
80.78461538461538
81.46923076923076
83.24923076923076
82.23498575498576
79.97978213507625
75.49978213507625
72.8627450980392
72.57054263565891
74.61932312346379
78.6262495303902
80.82701491160893
81.81620910734836
80.7759493670886
79.47291444258045
79.47291444258045
81.25291444258045
84.77824865614704
85.84553713049746
84.75015251511286
81.53865903031499
79.48217636022514
79.13553565915406
81.56675517134917
83.9979746835443
84.70025974025972
83.25823442380404
81.81620910734836
81.460564751704
82.52785322605442
83.96987854251012
85.06526315789472
85.44
83.9979746835443
82.9025900681597
81.80720545277508
81.46923076923076
79.51318681318682
77.55714285714285
76.28571428571429
76.592082616179
78.20148587115187
80.87817760047517
82.88349758169878
83.5857826384142
82.86513486513486
80.85981488391127
78.54812657222296
76.592082616179
76.28571428571429
77.22751322751323
76.92835356364768
75.77250940780351
73.13547237076648
71.22345191040843
70.42325211020862
72.42485853591144
76.94772697182336
81.58046265719062
84.32552289815447
83.28526315789472
80.60857142857142
77.55714285714285
76.592082616179
77.53388155797794
77.53388155797794
75.7989417989418
73.42857142857143
73.12941176470588
75.82941176470587
79.21402714932127
81.82487512487512
81.82487512487512
80.48904022806461
79.44878048780487
80.48904022806461
80.8106301106301
79.84556986966625
77.53388155797794
76.592082616179
77.22751322751323
78.49894179894179
78.49894179894179
76.96578073089701
74.53850800362427
74.53850800362429
76.40129870129869
79.86883116883116
81.82487512487512
82.16284980841942
80.79296043853006
79.77871542428504
79.77871542428504
80.44631973745898
80.12472985489349
78.21616693605506
75.45091952523802
74.53155080213904
76.44011372097745
80.27264960614491
83.62323784143904
84.32552289815447
81.95519949929587
78.60461126400176
76.29292295231346
76.92835356364768
70.87037037037037
88.16179894179893
86.3431527093596
93.00666389696717
76.65703426733754
79.48992551402189
80.45498575498576
80.78461538461538
79.44878048780487
77.58598979013045
77.25636016050082
78.24555435624025
80.79296043853006
81.460564751704
80.15752982719583
78.20148587115187
76.8984509466437
77.86351118760757
79.81955514365153
81.46923076923076
82.15384615384616
82.15384615384616
82.15384615384616
82.15384615384616
81.13960113960114
79.18355718355718
77.53388155797794
77.21229167541244
77.51866000587715
79.1683356314564
81.59955514365151
84.34461538461538
84.34461538461538
81.29318681318682
76.54652014652015
73.7136288998358
73.41446923597024
74.8105476673428
75.38823529411765
75.09603283173735
75.39519249560288
76.31456121870188
78.1773519163763
79.44878048780487
80.1
79.77037037037036
79.44074074074072
78.78952122854561
74.66915085817524
70.3193990445059
66.29123711340206
67.00897904888593
69.82556979451049
75.18956662242483
80.70182468694097
85.12488935721812
85.48053371286247
82.42910514143391
76.64135864135864
72.11849020544673
67.63109524746352
64.30951117116247
62.45211986681464
63.53156195292744
66.10402281202018
68.21655028454765
70.19593172784661
72.60193923723335
75.82941176470587
79.9346749226006
82.54552289815447
83.23013828276986
80.85981488391127
78.2489669083574
110.19768485707536
128.9627450980392
131.57359307359306
101.10512460512462
87.56164634425502
90.77790834312572
94.77458193979932
96.67959866220735
97.60367393800229
94.82664251871735
91.22537802978162
88.20964587972111
86.99000370233247
85.11434511434511
82.94948024948025
80.45498575498576
79.44074074074072
79.44074074074072
80.45498575498576
82.18987854251012
84.75015251511286
87.87982284478318
88.63942455175331
87.11941031941032
82.03369603369603
77.72055530676221
73.71362889983578
72.55778474399163
72.84326990838618
74.53850800362429
77.6503961155124
81.29318681318682
84.34461538461538
83.9979746835443
80.94654611211573
77.89511754068717
76.28571428571429
77.89511754068717
81.72682008471847
85.55852262874977
87.78082191780821
87.00054794520547
85.48053371286247
84.70025974025972
84.70025974025972
85.44
83.9979746835443
81.88834505391466
79.14328481295081
77.53388155797794
76.8984509466437
78.54812657222296
80.85981488391127
82.86513486513486
83.96051948051948
85.48053371286247
88.25455968688844
91.1863243927708
93.33781512605042
93.33781512605042
91.59271708683472
89.04581724581723
87.01153153153152
85.82486486486485
86.62666666666667
86.25192982456139
85.15654520917678
82.18987854251012
81.46923076923076
83.34488935721812
86.72939639947164
89.85906672914196
90.2654594232059
88.2862155388471
87.03220379716413
86.23040199536234
87.38541281007033
87.38541281007033
87.38541281007033
85.50975422208299
83.28745493302455
81.1225900681597
81.1225900681597
81.82487512487512
85.20938216712864
87.90927382476679
89.8356807511737
89.01144768152292
87.40694063926941
86.60513883746759
86.20972972972973
86.20972972972973
85.82486486486485
83.9979746835443
82.2179746835443
80.7759493670886
80.7759493670886
81.11392405063292
80.7759493670886
80.10834505391466
79.77037037037036
79.77037037037036
81.50526315789472
83.28526315789472
85.06526315789472
84.70025974025972
83.25823442380404
80.82701491160893
79.13553565915406
78.79756097560974
79.44878048780487
79.77037037037036
79.11915085817523
77.84772228674667
77.84772228674667
79.90420495683654
83.34049839312996
85.83499288762445
86.59459459459458
85.11434511434511
83.28745493302455
81.1225900681597
81.84323784143903
82.18987854251012
82.18987854251012
80.13339587242027
77.87819225251076
76.91313201154689
77.56435152374202
79.81955514365153
81.82487512487512
82.86513486513486
82.51849416406378
81.81620910734836
82.5559493670886
83.25823442380404
83.60487512487512
81.82487512487512
80.45498575498576
79.44074074074072
80.12535612535612
81.13960113960114
81.80720545277508
80.47137055596457
79.78675517134917
80.13339587242027
82.56461538461538
83.96987854251012
83.96987854251012
81.86024891288048
78.88439751969163
76.92835356364768
76.92835356364768
78.16931216931216
78.47568049977687
77.84024988844264
77.84024988844266
79.14328481295081
81.14860479417442
83.25823442380404
83.25823442380404
81.25291444258045
77.61012374490602
74.57214906136173
73.96662106703145
75.49978213507625
77.54856262288112
78.78952122854561
78.46793134598012
76.69187813090251
74.87323189846317
74.55939116969445
76.02160365600332
76.59929128277817
75.41607566167306
73.68113590263692
73.98029556650246
76.46654611211574
80.94654611211573
83.62323784143904
82.6340436456996
77.88737697903294
72.99950512548602
70.95072463768116
69.7016018306636
69.45195246179966
68.66934376614748
71.02234254215728
72.89180990899898
75.4093583636873
77.95676444597711
80.15752982719583
79.85116149673112
76.46654611211574
72.64596273291926
70.95072463768116
72.37929606625258
75.86190476190475
78.49894179894179
79.44074074074072
78.16931216931216
76.92835356364768
76.60676368108219
78.21616693605506
80.82701491160893
82.88349758169878
84.71038776301933
86.63679468942627
88.61603857378505
90.70769544805061
90.70769544805061
88.36344814605684
83.77729677729677
80.48100048100048
78.78952122854561
80.52441401606998
82.6340436456996
85.4501280227596
86.20972972972973
85.83499288762445
84.0081027063039
82.52785322605442
81.460564751704
80.47137055596457
78.21616693605506
76.01540155483633
74.80383036935704
76.37441860465115
77.27214906136172
78.80531012940651
77.53388155797794
77.53388155797794
85.61512409083338
101.26347573918501
113.67139312300601
105.26856070758508
90.89163763066202
78.79756097560974
78.1773519163763
74.94987938890378
72.63443223443223
70.42325211020862
71.22345191040843
73.86048894744546
76.69187813090251
78.15409061721138
101.45813885149218
122.87602503035396
121.14108527131782
96.30387596899223
73.67441860465115
74.51162790697674
73.94714587737843
72.84326990838618
71.73939393939392
71.19999999999999
72.59607843137253
75.23311546840958
78.19978213507625
79.11915085817523
77.30050462573591
74.87323189846317
73.09717868338558
74.28039430449068
77.3922824163788
79.81955514365151
81.1225900681597
79.78675517134917
78.51532659992061
76.31456121870188
76.00072048993314
77.95676444597711
79.81955514365151
80.13339587242027
77.87819225251076
75.45091952523802
74.23934833975873
75.48030694542322
77.57795004306631
79.44074074074072
80.10834505391466
82.60283954840916
85.56950621507583
88.61603857378505
89.41784037558685
88.23117370892018
84.19544715447154
79.9573519163763
77.21229167541244
78.20148587115187
80.87817760047517
82.52785322605442
82.18987854251012
80.45498575498576
79.44074074074072
78.78952122854561
79.45712554171955
80.82701491160893
83.25823442380404
83.96051948051948
83.60487512487512
82.16284980841942
81.460564751704
82.18121252498335
84.40351181404178
86.6258111031002
88.18721461187214
87.03220379716413
85.15654520917678
82.52785322605442
82.16284980841942
83.25823442380404
84.70025974025972
85.44
85.44
85.44
85.44
85.82486486486485
85.82486486486485
84.72948024948025
82.9025900681597
80.15752982719583
78.50785420161658
77.84024988844266
77.84024988844264
77.53388155797794
76.8984509466437
77.21229167541244
78.48372024684102
79.44878048780487
80.1
80.4379746835443
81.47823442380404
82.16284980841942
81.82487512487512
80.13339587242027
77.87819225251076
76.91313201154689
77.90232620728634
79.81088912612475
81.460564751704
80.79296043853006
79.80376624279063
79.80376624279063
81.91339587242027
83.96987854251012
84.69052631578947
83.24850099933377
82.18121252498335
80.44631973745898
80.44631973745898
80.10834505391466
79.78675517134917
79.11915085817523
79.45712554171955
81.51360821180941
83.24850099933377
84.31578947368419
83.24850099933377
82.18121252498335
81.11392405063292
81.81620910734836
83.6430992886689
85.46998946998946
84.76770441327403
81.95162003621405
78.21616693605506
76.91313201154689
77.2347218941124
77.84024988844264
77.53388155797794
76.8984509466437
77.53388155797794
79.84556986966624
82.5906301106301
84.70025974025972
84.70025974025972
82.92025974025972
80.17519949929587
77.86351118760757
76.8984509466437
75.16351118760757
73.46827309236946
71.73333333333332
72.57054263565891
75.87518398586988
79.25979937048527
81.80720545277508
82.87449392712551
82.18987854251012
81.1756335282651
79.11915085817523
77.25636016050082
74.61932312346377
71.78793394000674
70.68405797101448
71.5024487756122
72.01839080459769
72.8367816091954
73.41446923597024
75.72991639044179
78.21616693605506
81.19201832924392
82.88349758169878
82.21589326852484
77.07837204611397
71.58811230585424
68.18548387096774
69.49046920821114
70.97380254154447
72.0060606060606
71.73333333333332
72.83720930232558
74.88598979013045
76.93477027793533
78.14634146341463
77.83250073464589
77.83250073464589
77.51866000587715
78.82169493038532
79.14328481295081
78.53775681862055
75.77250940780351
73.13547237076648
72.27878787878787
73.74100036509674
77.3922824163788
80.15752982719583
81.80720545277508
81.460564751704
81.1225900681597
81.1225900681597
80.78461538461538
78.08461538461538
72.94999999999999
67.61
67.08252747252746
107.65605688429217
127.37297996121524
129.6353922477239
91.64907213828478
75.4093583636873
73.67441860465115
74.265780730897
76.46654611211574
79.16654611211573
79.47291444258045
75.1583440143553
70.47896257105631
85.045909604473
117.09173611838463
118.54364503421107
101.20950017724212
70.44026940801135
70.70107526881719
72.28505747126437
72.8367816091954
72.57597574838954
71.75758494379184
70.42325211020862
70.95072463768116
72.95233106338397
77.11955514365152
81.22481830154626
82.87449392712551
80.3270878448357
75.69435215946842
71.78226424738051
71.78226424738051
74.04467653388919
76.00072048993314
76.00072048993314
74.81750486882804
73.94065757818765
73.94065757818765
73.66166071298389
73.10993657505284
71.4901185770751
70.95072463768116
72.08013640238704
75.56274509803922
80.30941176470589
85.26450704225351
89.07879275653923
89.85906672914196
85.82334017469333
79.04238779374094
74.61932312346379
73.69995440036479
77.00459575057576
81.03225131311504
85.56950621507583
88.61603857378505
91.16293841480254
93.85990811177223
95.18716577540106
93.85990811177223
89.6015349060306
85.57438558476363
81.86024891288048
81.13960113960114
83.42165242165242
86.71794871794872
89.41784037558685
89.8356807511737
90.25352112676056
90.25352112676056
89.42928805710977
89.42928805710977
89.85906672914196
92.01055746242157
92.88257215929849
92.4527934872663
91.12553582363748
89.03387894937191
87.42937190711838
86.20972972972973
86.20972972972973
87.3963963963964
89.04581724581723
89.84761904761905
89.04581724581723
86.63679468942627
84.71038776301933
83.5857826384142
83.5857826384142
85.51218956482114
86.25192982456139
86.25192982456139
83.96987854251012
83.23013828276986
83.60487512487512
86.73454545454544
90.40605042016806
93.33781512605042
95.18716577540107
97.15040106951871
97.61923337856173
95.76988272921108
92.9091684434968
89.89343629343628
87.11941031941032
81.73453636983048
77.9990832696715
75.99376328844791
77.2347218941124
78.47568049977687
78.78952122854561
78.46793134598012
78.79756097560974
79.11915085817523
80.10834505391466
81.51360821180941
83.62323784143904
79.30866741321387
88.0309904622157
89.63549750446921
115.45754779460461
124.07677009834636
114.33512019894998
100.80605909611839
90.37564402810304
104.4843997884717
101.34860336077412
95.19707478301603
87.78343656333455
82.60283954840916
79.78675517134917
79.44878048780487
80.48904022806461
84.10692640692639
87.92121212121211
89.44122635355511
85.20313111545988
78.68884540117416
72.3963133640553
70.1851332398317
71.02234254215728
73.18401237137928
73.69995440036479
72.33527257056667
72.33527257056667
75.63991392077766
81.03225131311504
85.16311352101191
86.99000370233247
84.82513883746759
79.29819819819818
73.65072463768115
71.22345191040843
74.19011857707508
77.02150776053215
78.48372024684102
76.62092954916659
74.844876334089
73.66166071298389
73.95386317536419
75.72991639044179
79.28345541040548
81.89430338595935
83.23013828276986
80.85981488391127
77.67127928158256
75.12387319929276
74.81750486882805
77.6503961155124
80.1978021978022
81.46923076923076
79.81955514365153
77.86351118760757
76.592082616179
76.90592334494774
79.21761165663605
81.52929996832435
83.5857826384142
82.88349758169878
81.84323784143903
80.10834505391466
79.77037037037036
80.8106301106301
82.92025974025972
83.96051948051948
82.5906301106301
78.94783941295569
76.04478897502152
74.51162790697674
76.04478897502153
79.68757967269593
84.1106443429731
86.60513883746759
85.50975422208299
82.61985061985061
79.48992551402189
77.23472189411238
76.59929128277817
77.90232620728634
79.81088912612475
81.460564751704
81.460564751704
81.1225900681597
79.78675517134917
79.44878048780487
79.11915085817523
80.45498575498576
82.61985061985061
84.72948024948025
85.4501280227596
83.96987854251012
81.86024891288048
80.12535612535612
79.77871542428504
80.44631973745898
80.7759493670886
80.7759493670886
80.7759493670886
80.44631973745898
80.79296043853006
82.23498575498576
84.34461538461538
85.82486486486485
86.20972972972973
85.46998946998946
84.34538434538433
83.96051948051948
83.60487512487512
82.56461538461538
79.51318681318682
76.68029556650247
74.5320197044335
