2022-12-02 12:50:13.991986 5 [97.03135843357728, 51.60878804372273, 48.39121195627726, 1.0664909176143933, 67.28205128205128, 634.258547008547]
2022-12-02 12:51:13.991649 6 [96.98287496169799, 40.126449452953885, 59.87355054704611, 0.6701865696343532, 67.66309012875537, 637.8433476394849]
2022-12-02 12:52:13.990703 7 [96.3839420672428, 28.66262153626035, 71.33737846373965, 0.4017896669812359, 67.98279569892473, 640.858064516129]
2022-12-02 12:53:13.990497 8 [96.77196485161122, 28.92401166591403, 71.07598833408598, 0.4069449098612522, 67.78800856531049, 639.0064239828694]
2022-12-02 12:54:13.989288 9 [96.33074041541435, 32.929862119795025, 67.07013788020498, 0.49097650848148783, 68.04935622317596, 641.4635193133047]
2022-12-02 12:55:13.990427 10 [99.17154646951832, 36.755661138615366, 63.244338861384634, 0.5811691892166719, 67.16067653276956, 633.0739957716702]
2022-12-02 12:56:13.989944 11 [97.55354447970737, 37.991898423513575, 62.00810157648642, 0.6126924943291632, 68.13062098501071, 642.2098501070664]
2022-12-02 12:57:13.989596 12 [96.5706818087892, 35.8033991692502, 64.19660083074979, 0.5577148744003372, 68.94805194805195, 649.9155844155844]
2022-12-02 12:58:13.995622 13 [96.63561991223817, 35.95625292701456, 64.04374707298543, 0.5614326857864539, 69.10822510822511, 651.4264069264069]
2022-12-02 12:59:13.997784 14 [95.4683968556488, 36.74653355022766, 63.25346644977234, 0.5809410236734925, 69.6470588235294, 656.4901960784314]
2022-12-02 13:00:13.988367 15 [90.09107908037109, 46.752143102323544, 53.24785689767645, 0.8780098547846654, 72.02247191011236, 678.9033707865168]
2022-12-02 13:01:13.995985 16 [90.24998091358039, 36.313864687713064, 63.686135312286936, 0.5702004762833685, 71.70246085011186, 675.8881431767338]
2022-12-02 13:02:13.994650 17 [91.17496767992154, 39.21345471001303, 60.78654528998697, 0.6451008940044574, 71.30155210643015, 672.09977827051]
2022-12-02 13:03:13.993150 18 [96.30752188711746, 39.97338111800663, 60.026618881993365, 0.6659275811717882, 69.35991379310344, 653.7887931034483]
2022-12-02 13:04:13.996143 19 [96.2456119931949, 46.25809677999104, 53.741903220008965, 0.8607454148138249, 69.49137931034483, 655.0452586206897]
2022-12-02 13:05:13.995325 20 [95.53995623645103, 47.1829132874658, 52.8170867125342, 0.893326690740568, 69.48817204301075, 655.0193548387097]
2022-12-02 13:06:13.994150 21 [96.09026935486557, 45.68559998875066, 54.31440001124933, 0.8411323696715508, 69.12820512820512, 651.6217948717949]
2022-12-02 13:07:13.992841 22 [96.52279750730656, 50.14210673463446, 49.85789326536554, 1.0057004708914636, 69.21581196581197, 652.4465811965812]
2022-12-02 13:08:13.991461 23 [90.08036201931459, 29.159913679559747, 70.84008632044025, 0.41163012630527984, 71.95787139689578, 678.3148558758315]
2022-12-02 13:09:13.994703 24 [89.11577188266833, 34.214619198915535, 65.78538080108446, 0.5200945678549832, 72.97309417040358, 687.890134529148]
2022-12-02 13:10:13.993711 25 [89.13201320136157, 29.557690972944958, 70.44230902705505, 0.4196013927026814, 73.34684684684684, 691.4054054054054]
2022-12-02 13:11:13.992591 26 [88.57742135463488, 36.24439722844404, 63.755602771555964, 0.56848960174233, 74.2756264236902, 700.1708428246013]
2022-12-02 13:12:13.991113 27 [89.73943205127064, 41.70958335323788, 58.29041664676212, 0.7155478679453691, 74.08163265306122, 698.3628117913833]
2022-12-02 13:13:13.990026 28 [91.39706169487589, 30.124022419149068, 69.87597758085093, 0.43110699072930553, 73.82844243792326, 695.979683972912]
2022-12-02 13:14:13.992630 29 [92.70102362532073, 35.0397808400064, 64.96021915999358, 0.5394036734036453, 73.46636771300449, 692.5717488789238]
2022-12-02 13:15:13.991450 30 [90.52748353926923, 34.70768491046137, 65.29231508953863, 0.5315738132866781, 74.51700680272108, 702.4852607709751]
2022-12-02 13:16:13.990295 31 [94.04715721287064, 36.653022239872506, 63.346977760127494, 0.5786072759250566, 73.184855233853, 689.913140311804]
2022-12-02 13:17:13.988728 32 [90.98665795568922, 32.366751351080325, 67.63324864891969, 0.47856271874643, 74.75056689342404, 704.6848072562358]
2022-12-02 13:18:14.000179 33 [89.61888591596481, 37.13316821860912, 62.86683178139088, 0.5906639028308861, 75.65825688073394, 713.2522935779816]
2022-12-02 13:19:13.999084 34 [90.14419535079182, 37.835366877464196, 62.16463312253581, 0.6086317086901329, 75.85321100917432, 715.0940366972477]
2022-12-02 13:20:13.989210 35 [93.46006223073225, 32.069134716789485, 67.93086528321052, 0.47208488487655903, 74.4561797752809, 701.9056179775281]
2022-12-02 13:21:13.988805 36 [90.17607314155535, 39.37519791220689, 60.62480208779311, 0.6494899208938638, 75.82608695652173, 714.8443935926773]
2022-12-02 13:22:13.995156 37 [93.72733217171125, 47.72464688598209, 52.27535311401791, 0.912947384246066, 74.30872483221476, 700.5458612975392]
2022-12-02 13:23:13.997861 38 [112.60862986317449, 42.45889616381447, 57.54110383618552, 0.7378881066427094, 66.518, 627.038]
2022-12-02 13:24:13.988464 39 [131.06031934289322, 39.59622363963335, 60.40377636036665, 0.6555256314340974, 58.51929824561404, 551.5824561403509]
