70.48421052631579
68.28012889366272
66.76433941997851
65.22130536425095
63.38800381933392
62.69971166036507
63.55445355712377
65.84183673469387
67.0136603028308
70.6463133640553
72.66904063678257
73.43463203463202
70.72946486137974
69.42447952413634
66.63232266139124
63.50524868130146
62.78750674581759
62.9948451267145
64.33969132207338
63.665448897830956
65.00114457266159
65.63572567783095
65.63572567783095
67.42424242424242
70.12121212121211
71.76284584980237
69.7401185770751
68.4351332398317
68.4351332398317
68.20575179653272
66.81376743680644
67.32970946579194
68.52648221343873
69.43493516399694
68.91899313501145
70.5388111329892
71.78793394000672
71.78793394000674
70.42325211020862
70.96264604960257
70.4686590005739
69.01675008474746
68.4773561453535
70.88336365474024
73.41446923597024
73.95386317536419
74.25302283922974
74.25302283922973
73.19768687085029
69.34487301803644
67.51655313542454
65.65916183107672
65.02458072590738
64.09709483793517
65.70483677341903
66.55957867017774
66.33941787858839
65.8558864694203
68.6116922400044
71.58765880217786
73.10344827586206
71.5194660734149
70.70107526881719
68.27683284457478
66.45760576057606
64.97427242724272
64.97427242724272
64.36421911421911
64.13483767092015
66.55908009516256
69.4931460292285
70.94505494505493
69.66845920037409
69.41332303219444
66.88197203025521
63.754898050165416
61.47868321640582
62.78750674581759
64.13235294117646
63.92904054825813
63.03904054825813
64.3478640776699
64.75851485148515
64.54702970297029
63.238206173558524
64.57390184838917
65.44600555360505
66.0805866587744
65.39229449980554
65.8558864694203
65.64012889366272
65.20421052631579
65.44340425531914
66.10402281202018
66.10402281202018
64.74061855670104
64.97
65.40591836734694
65.62167594310452
65.8558864694203
65.63572567783095
65.2084829535585
64.3000300030003
65.6920143627266
67.02771003755723
67.24787082914659
65.8558864694203
65.8558864694203
65.41996810207337
65.64012889366272
65.64012889366272
65.64012889366272
64.99272537780092
64.08427242724272
64.74489098394375
64.74489098394375
64.52913340818617
63.868514851485145
65.20421052631579
65.86482908301682
66.75482908301682
67.23836049218491
69.49046920821114
69.96387346353029
69.48034205436221
67.00353314898186
67.7526563661902
68.48583714422223
70.16244624940276
68.71053733357633
68.21655028454765
66.10402281202018
64.62186579378067
63.47421911421911
65.33161041856694
67.51655313542454
68.42500608598276
67.69182530795072
68.44094852515903
68.6801422541624
67.77168930360419
65.65916183107672
65.90349951124145
67.05114619080302
68.41455044612216
68.66419981498612
70.21352283239425
70.21352283239423
69.24613152804642
68.70673758865247
69.4558608058608
70.17360274134467
69.40801134349522
70.20821114369501
70.7129966807386
70.4686590005739
68.21655028454765
67.961414116368
69.51073713377613
70.96264604960257
70.4686590005739
68.21655028454765
68.4773561453535
68.72169382551823
68.72169382551823
67.00897904888593
67.00897904888593
69.26108776491218
71.24046920821114
72.54545454545453
73.40213903743314
72.87466650996062
70.85193923723335
64.9657707157707
62.64175809472839
61.540272946213534
62.835491241431825
62.22543792840821
62.87284144427
63.482894757293614
64.09294807031722
64.78124022928608
67.36605871113426
69.95087719298243
72.30387596899223
74.30548239469505
75.7015608260676
74.08174282808986
69.92256064481128
67.2773594064212
66.54417862838915
66.11693590411672
64.17118691626246
63.04697638994668
62.63632561613143
62.0604809000998
60.851424296326215
61.47356021865632
62.248807473896306
62.63632561613143
62.424840467616576
64.17118691626246
65.65334393450196
66.0805866587744
65.61699468915964
65.61699468915964
65.40123711340206
64.52913340818617
64.99272537780092
67.1052528503284
68.44094852515903
68.20673799884325
67.45761478163493
66.76932262266608
65.25718670033598
63.89378244501684
62.835728155339794
62.44072122052704
62.02189769111527
63.07995198079231
63.07995198079231
62.289718906430494
61.23166461675345
62.909426030597345
64.11848263437093
64.32179502728926
63.03904054825813
63.474958915605065
63.682297296501986
63.682297296501986
62.827555399743275
63.69965910495916
63.69965910495917
63.49634671204083
62.62424300682495
63.68229729650198
64.09294807031722
63.88560968942031
63.238206173558524
64.11030987877442
64.31764825967133
64.11030987877442
63.44969132207338
63.66117647058823
63.25846153846153
63.25846153846153
62.839638009049764
63.03904054825813
63.474958915605065
63.89378244501684
63.89378244501684
62.835728155339794
62.62424300682495
64.13637892915504
64.54702970297029
64.54702970297029
63.65702970297029
64.99272537780092
65.41996810207337
65.2084829535585
64.3000300030003
65.94166373159055
68.7931488801054
69.7016018306636
67.84421052631578
65.41996810207337
66.1531488801054
66.1531488801054
65.93739130434783
64.08
65.44340425531914
67.81673758865247
68.94094811496825
68.01346222699604
65.8558864694203
66.84420341563198
70.17769681299093
74.97230960760372
77.87015250544661
78.78952122854561
78.78952122854561
76.69187813090251
73.36650189841677
70.4686590005739
68.44593172784661
66.260989010989
65.51186579378069
66.73439326630815
68.91933598316575
68.91933598316575
70.28401781296387
70.77800486199256
72.0546006066734
69.7016018306636
71.91278195488721
72.7499912572128
73.23352266638088
71.02234254215728
71.02234254215728
74.10338109447828
74.35851726265793
72.24471221565149
67.99185009519354
67.48706455814995
65.70483677341903
64.44737994453364
62.21750208671966
63.999729871450576
64.40244480357728
64.6057571964956
63.24235294117646
65.02458072590738
67.81673758865247
68.94094811496825
68.01346222699604
66.07604726100965
66.55957867017774
65.91217515431595
64.65471832543055
63.26273396570426
62.26516251044552
61.8776443682104
61.45040164393797
63.32007680441259
63.320076804412594
62.71002349138898
61.83791978617309
62.835491241431825
