62.420814479638
65.75236528177703
64.58896658896657
68.05050505050505
62.351690821256035
67.41112234580383
64.14898642347373
69.84780065272275
64.60692162562653
68.99846931266251
65.87425689142039
70.01125994952434
64.65962596259625
65.08686868686868
62.929292929292934
63.4943722943723
62.85979118920295
65.28403361344537
64.0126050420168
66.54395604395603
63.28182012162594
69.33980331490325
65.2854576605576
68.82032085561497
63.65352591333899
68.50807136788444
64.19796091758707
64.97320817282707
64.43381423343314
64.248975188781
63.85396825396825
60.65909645909645
66.01073044602455
64.57052817042404
64.76993070963242
63.64051894492654
64.33419435289926
63.74727367145577
63.4806070047891
64.22713387241689
68.91339977851605
64.77639672041207
74.51804661980846
87.15452152800918
98.51471299191027
89.37138242024497
74.86544014520254
63.68669618384988
64.54143808060859
62.514872615712946
63.47495891560507
63.474958915605065
64.55440100171788
64.55440100171786
63.29694417283247
63.072243983478366
63.07224398347837
62.68472584124325
61.42726901235785
62.710023491388974
63.29694417283247
63.10133977722808
62.229236072012185
63.74137199434229
64.33969132207338
63.729638009049765
62.62815286053491
63.93697638994668
64.75851485148515
64.55117647058823
65.51856777493606
69.28797953964194
72.3468030690537
72.09715370018975
69.21774193548387
68.69026940801135
67.5184458398744
66.41696069135955
63.482894757293614
64.9043676942945
67.22838031533684
69.90731008122313
69.65766071235916
69.91846657316503
71.25279940674824
71.5024487756122
71.24164291480633
70.96264604960257
72.29697888318577
71.79219334614217
72.35667537574048
74.17532160817981
78.59219505731133
80.12535612535612
77.22751322751321
74.39462198082887
68.96542808104674
65.8357577513764
62.43254846493052
62.02983353280382
63.70759494664771
62.521696917592465
64.9509773146148
67.20308603064105
66.65865102639296
63.65352591333899
62.10420289593086
63.83453592923419
63.64969688458207
61.46475416772446
63.03964357155846
63.80032733224221
62.858196069010035
61.930710181037824
63.64224864257629
64.98709483793516
63.15379329301813
61.05473668924455
62.13417877535735
64.42156195292745
65.21179502728927
63.15379329301813
61.246650435875274
62.10139233263398
64.38877551020408
64.58437990580848
63.52632561613143
63.52632561613143
64.3478640776699
64.55117647058823
63.44969132207338
65.3070826264212
66.16182452317992
75.9698314108252
78.4873798655135
101.19146149816657
93.70746723156361
90.45673799884327
66.89791446943148
64.16325107457392
63.92904054825813
63.33072122052704
62.1891874180865
61.08770226957164
62.32060270247208
63.067129570099866
63.27861471861472
64.42626139817628
65.02458072590738
64.40244480357728
64.40244480357728
66.18467258830819
67.24272687798523
66.09508019842366
66.09508019842366
67.02256608639587
65.78966565349543
63.40911854103343
62.93571428571428
64.38877551020408
65.19443321883207
63.682297296501986
63.906997485856074
64.11848263437093
63.15839633447881
61.48063492063492
60.858498998304825
63.10133977722807
63.49634671204083
63.29694417283247
62.85208319188901
62.85208319188901
62.65647879628462
62.65647879628462
63.93923327531575
64.33424021012851
63.29694417283247
62.01418969380133
63.29694417283246
63.69965910495917
63.69965910495917
62.827555399743275
64.37058945547082
64.57390184838917
64.36656346749226
62.62021701884636
63.03904054825813
64.3478640776699
64.14846153846153
63.131318681318675
62.67723704866561
63.49877551020408
63.69437990580847
62.63632561613143
63.52632561613143
64.56362165342748
64.76693404634581
65.24033830166496
65.24033830166496
65.24033830166496
64.09269162210339
65.48467598182968
68.27683284457478
68.27683284457478
65.84755244755243
62.85208319188901
63.999729871450576
65.03702590874663
65.03702590874663
65.28136358891135
67.17813348568123
69.65766071235916
69.41332303219444
70.21352283239425
72.1255432927523
72.1255432927523
69.87343457672605
66.31978038777775
66.56411806794247
65.28136358891135
63.85654940938018
61.42726901235785
63.657146870171815
65.7562034739454
67.46774193548387
66.07575757575758
67.82575757575758
68.29916183107673
67.66458072590737
64.40244480357728
64.40244480357728
65.48188688969009
65.48188688969007
63.90699748585608
63.906997485856074
66.64166088071364
67.06890360498608
65.78614912595495
64.56362165342748
67.26059135039716
69.99525474525473
69.76587330195576
68.71053733357633
69.7897339989799
70.73685737776273
68.66798092490005
66.60046731328481
66.85011668214875
67.49752019801055
66.8092280390417
65.84183673469387
68.88312766967252
73.13598979013045
74.88598979013045
75.4773519163763
76.81318681318682
82.07346078578955
92.24488935721811
94.12054794520546
95.37455968688843
91.65515670181382
105.98671946390496
102.17243374961924
105.89183673469387
91.96666666666665
100.86666666666665
109.76666666666665
114.5516129032258
115.15500273373428
100.32166940040094
109.46189323186901
108.2748968439835
114.81162000782528
106.8197832731314
106.8197832731314
105.6327868852459
105.63278688524589
105.6327868852459
103.99139344262295
101.25293190416141
97.6483031674208
96.63693953105717
96.13903743315507
95.68379446640316
94.27667984189722
92.86956521739128
92.86956521739128
93.32480818414321
93.32480818414322
92.4527934872663
89.52102878138395
87.04450704225351
86.22027397260273
87.82478101485626
91.70841737849261
106.94814340588988
101.13636363636363
102.14772727272727
92.09934017595307
102.27822580645162
103.91961924907457
105.67139617635722
106.23617671575437
106.8197832731314
106.21639344262294
106.79999999999998
106.79999999999998
107.40338983050846
108.63097603740502
109.2343658679135
109.2343658679135
108.61016949152541
108.00677966101694
106.25500273373427
104.50322580645161
103.91961924907457
103.37276825061065
102.29615534738485
100.14130036630036
99.09807692307692
98.08671328671328
97.58881118881118
97.09090909090908
97.58881118881118
97.58881118881118
98.60017482517482
99.11363636363636
100.6547619047619
100.6547619047619
99.16035891968727
95.34010405717889
91.63177072384556
89.41784037558685
88.59360730593606
86.66720037952913
85.10579687075722
85.1057968707572
86.6258111031002
87.38541281007033
86.60513883746759
85.82486486486485
85.44
85.44
85.82486486486485
87.01153153153152
88.61603857378505
91.16293841480254
92.45279348726629
93.78005115089513
92.88257215929849
91.1863243927708
88.25455968688844
86.22027397260274
84.70025974025972
82.92025974025972
81.47823442380404
81.1225900681597
81.1225900681597
80.13339587242027
78.79756097560974
