74.23286004056796
73.95386317536419
73.40213903743316
73.10993657505284
73.38893344025661
73.38893344025661
72.55172413793103
73.12941176470588
72.8627450980392
73.13547237076648
72.27878787878787
74.28039430449068
74.844876334089
75.7015608260676
74.80383036935704
76.33699143740182
75.75930381062697
74.9220945083014
72.55172413793103
73.42857142857143
74.55798319327731
75.10970733120834
73.68113590263692
73.10344827586206
73.98029556650246
73.98029556650246
73.16190476190476
71.2058608058608
71.47858807858806
70.96264604960257
70.21352283239423
69.1581868640148
70.49251969759801
71.76911544227886
72.02425161045849
70.94505494505493
71.49677908298597
71.75758494379184
70.76926799758016
68.7017543859649
68.44094852515903
70.79394730116883
72.04307010818638
72.04307010818638
71.75758494379183
72.29697888318577
71.54785566597745
69.01675008474746
67.71176474750405
67.95610242766878
68.41969439728354
68.92447993432712
70.50846213677428
71.49677908298597
71.24164291480633
70.68991877687529
71.76911544227886
72.02425161045849
70.50846213677428
69.17412930319108
70.25332596859465
72.04184271500613
72.55778474399163
70.97380254154447
70.97380254154447
71.24046920821114
71.4901185770751
70.95072463768116
71.22345191040843
71.22345191040843
70.21352283239423
69.41332303219444
68.91933598316575
68.21655028454765
67.961414116368
68.97134319438219
70.16811594202898
69.91846657316503
70.1851332398317
71.80495123780945
72.83720930232558
72.0546006066734
69.94079555966698
70.49251969759801
71.54785566597745
72.8244514106583
71.74525474525473
71.74525474525474
71.47858807858807
71.22345191040843
70.42325211020862
70.68991877687529
69.95673799884325
68.28012889366272
67.49752019801055
69.28603694442204
70.70750988142292
70.45786051255897
70.73685737776273
72.64887783812078
74.23286004056796
73.95386317536419
73.66166071298389
73.66166071298389
72.86146091278408
70.74765586577766
69.92926506117993
69.18014184397163
68.70673758865247
66.99402281202018
68.27061855670104
69.23800986104885
69.94079555966698
68.42500608598276
69.20761478163493
69.45195246179966
69.69114619080301
69.42447952413634
70.45673758865247
70.70107526881719
69.93548387096774
69.66881720430106
69.91846657316503
69.91846657316503
68.4351332398317
68.95107526881719
68.95107526881719
69.42447952413634
69.42447952413634
70.19007092198581
71.46666666666665
71.2058608058608
72.60193923723335
72.87466650996062
73.40213903743316
72.27272727272727
72.55172413793103
72.28505747126437
71.25279940674824
71.25279940674824
71.5194660734149
71.03593466424681
68.28012889366272
66.76433941997851
65.22130536425095
63.38800381933392
62.69971166036507
63.55445355712377
65.84183673469387
67.0136603028308
70.6463133640553
72.66904063678257
73.43463203463202
70.72946486137974
69.42447952413634
66.63232266139124
63.50524868130146
62.78750674581759
62.9948451267145
64.33969132207338
63.665448897830956
65.00114457266159
65.63572567783095
65.63572567783095
67.42424242424242
70.12121212121211
71.76284584980237
69.7401185770751
68.4351332398317
68.4351332398317
68.20575179653272
66.81376743680644
67.32970946579194
68.52648221343873
69.43493516399694
68.91899313501145
70.5388111329892
71.78793394000672
71.78793394000674
70.42325211020862
70.96264604960257
70.4686590005739
69.01675008474746
68.4773561453535
70.88336365474024
73.41446923597024
73.95386317536419
74.25302283922974
74.25302283922973
73.19768687085029
69.34487301803644
67.51655313542454
65.65916183107672
65.02458072590738
64.09709483793517
65.70483677341903
66.55957867017774
66.33941787858839
65.8558864694203
68.6116922400044
71.58765880217786
73.10344827586206
71.5194660734149
70.70107526881719
68.27683284457478
66.45760576057606
64.97427242724272
64.97427242724272
64.36421911421911
64.13483767092015
66.55908009516256
69.4931460292285
70.94505494505493
69.66845920037409
69.41332303219444
66.88197203025521
63.754898050165416
61.47868321640582
62.78750674581759
64.13235294117646
63.92904054825813
63.03904054825813
64.3478640776699
64.75851485148515
64.54702970297029
63.238206173558524
64.57390184838917
65.44600555360505
66.0805866587744
65.39229449980554
65.8558864694203
65.64012889366272
65.20421052631579
65.44340425531914
66.10402281202018
66.10402281202018
64.74061855670104
64.97
65.40591836734694
65.62167594310452
65.8558864694203
65.63572567783095
65.2084829535585
64.3000300030003
65.6920143627266
67.02771003755723
67.24787082914659
65.8558864694203
65.8558864694203
65.41996810207337
65.64012889366272
65.64012889366272
65.64012889366272
64.99272537780092
64.08427242724272
64.74489098394375
64.74489098394375
64.52913340818617
63.868514851485145
65.20421052631579
65.86482908301682
66.75482908301682
67.23836049218491
69.49046920821114
69.96387346353029
69.48034205436221
67.00353314898186
67.7526563661902
68.48583714422223
70.16244624940276
68.71053733357633
68.21655028454765
66.10402281202018
64.62186579378067
63.47421911421911
65.33161041856694
67.51655313542454
68.42500608598276
67.69182530795072
68.44094852515903
68.6801422541624
67.77168930360419
65.65916183107672
65.90349951124145
67.05114619080302
68.41455044612216
68.66419981498612
70.21352283239425
70.21352283239423
69.24613152804642
68.70673758865247
69.4558608058608
70.17360274134467
69.40801134349522
70.20821114369501
70.7129966807386
70.4686590005739
68.21655028454765
67.961414116368
69.51073713377613
70.96264604960257
70.4686590005739
68.21655028454765
68.4773561453535
68.72169382551823
68.72169382551823
67.00897904888593
67.00897904888593
69.26108776491218
71.24046920821114
72.54545454545453
73.40213903743314
72.87466650996062
70.85193923723335
64.9657707157707
62.64175809472839
61.540272946213534
62.835491241431825
62.22543792840821
62.87284144427
63.482894757293614
64.09294807031722
64.78124022928608
67.36605871113426
69.95087719298243
72.30387596899223
74.30548239469505
75.7015608260676
74.08174282808986
69.92256064481128
67.2773594064212
66.54417862838915
66.11693590411672
64.17118691626246
63.04697638994668
62.63632561613143
62.0604809000998
60.663097722529706
