66.32842105263157
65.41996810207337
66.1531488801054
66.1531488801054
65.93739130434783
64.08
65.44340425531914
67.81673758865247
68.94094811496825
68.01346222699604
65.8558864694203
66.84420341563198
70.17769681299093
74.97230960760372
77.87015250544661
78.78952122854561
78.78952122854561
76.69187813090251
73.36650189841677
70.4686590005739
68.44593172784661
66.260989010989
65.51186579378069
66.73439326630815
68.91933598316575
68.91933598316575
70.28401781296387
70.77800486199256
72.0546006066734
69.7016018306636
71.91278195488721
72.7499912572128
73.23352266638088
71.02234254215728
71.02234254215728
74.10338109447828
74.35851726265793
72.24471221565149
67.99185009519354
67.48706455814995
65.70483677341903
64.44737994453364
62.21750208671966
63.999729871450576
64.40244480357728
64.6057571964956
63.24235294117646
65.02458072590738
67.81673758865247
68.94094811496825
68.01346222699604
66.07604726100965
66.55957867017774
65.91217515431595
64.65471832543055
63.26273396570426
62.26516251044552
61.8776443682104
61.45040164393797
63.32007680441259
63.320076804412594
62.71002349138898
61.83791978617309
63.04697638994668
63.24637892915504
62.835728155339794
63.7257281553398
63.52632561613143
63.326923076923066
62.652680652680644
62.85208319188901
62.85208319188901
61.81478715459296
62.87284144427
63.910137481566046
64.94743351886208
64.94743351886208
66.09508019842366
66.5399411793671
66.5399411793671
64.96505177553311
65.19443321883207
65.19443321883207
64.98709483793516
64.31285241369275
65.24033830166496
67.77168930360419
69.41332303219444
70.16244624940276
70.16244624940276
68.09356979654008
64.39882010179039
61.66415670693283
60.478258677877584
59.771909471528375
58.27728863710171
58.09244959244959
57.92367588827766
57.751861216462984
57.751861216462984
60.20920634920635
61.48063492063492
61.85380053908355
61.43497700967178
63.11273842351567
64.11030987877442
64.11030987877442
63.44969132207338
64.09709483793517
65.64012889366272
65.42864374514787
64.57390184838917
63.88560968942031
64.5330132052821
64.5330132052821
63.6782713085234
63.45811051693404
64.31285241369275
64.31285241369275
67.86650660264105
66.22153163152052
69.55308243365957
63.49509924038225
67.89587998208687
64.16161424782113
69.09018567639257
63.27530364372469
63.8853569567483
61.46111453250588
63.665448897830956
63.05539558480734
65.75236528177703
64.58896658896657
68.05050505050505
62.351690821256035
67.41112234580383
64.14898642347373
69.84780065272275
64.60692162562653
68.99846931266251
65.87425689142039
70.01125994952434
64.65962596259625
65.08686868686868
62.929292929292934
63.4943722943723
62.85979118920295
65.28403361344537
64.0126050420168
66.54395604395603
63.28182012162594
69.33980331490325
65.2854576605576
68.82032085561497
63.65352591333899
68.50807136788444
64.19796091758707
64.97320817282707
64.43381423343314
64.248975188781
63.85396825396825
60.65909645909645
66.01073044602455
64.57052817042404
64.76993070963242
63.64051894492654
64.33419435289926
63.74727367145577
63.4806070047891
64.22713387241689
68.91339977851605
64.77639672041207
74.51804661980846
87.15452152800918
98.51471299191027
89.37138242024497
74.86544014520254
63.68669618384988
64.54143808060859
62.514872615712946
63.47495891560507
63.474958915605065
64.55440100171788
64.55440100171786
63.29694417283247
63.072243983478366
63.07224398347837
62.68472584124325
61.42726901235785
62.710023491388974
63.29694417283247
63.10133977722808
62.229236072012185
63.74137199434229
64.33969132207338
63.729638009049765
62.62815286053491
63.93697638994668
64.75851485148515
64.55117647058823
65.51856777493606
69.28797953964194
72.3468030690537
72.09715370018975
69.21774193548387
68.69026940801135
67.5184458398744
66.41696069135955
63.482894757293614
64.9043676942945
67.22838031533684
69.90731008122313
69.65766071235916
69.91846657316503
71.25279940674824
71.5024487756122
71.24164291480633
70.96264604960257
72.29697888318577
71.79219334614217
72.35667537574048
74.17532160817981
78.59219505731133
80.12535612535612
77.22751322751321
74.39462198082887
68.96542808104674
65.8357577513764
62.43254846493052
62.02983353280382
63.70759494664771
62.521696917592465
64.9509773146148
67.20308603064105
66.65865102639296
63.65352591333899
62.10420289593086
63.83453592923419
63.64969688458207
61.46475416772446
63.03964357155846
63.80032733224221
62.858196069010035
61.930710181037824
63.64224864257629
64.98709483793516
63.15379329301813
61.05473668924455
62.13417877535735
64.42156195292745
65.21179502728927
63.15379329301813
61.246650435875274
62.10139233263398
64.38877551020408
64.58437990580848
63.52632561613143
63.52632561613143
64.3478640776699
64.55117647058823
63.44969132207338
65.3070826264212
66.16182452317992
75.9698314108252
78.4873798655135
101.19146149816657
93.70746723156361
90.45673799884327
66.89791446943148
64.16325107457392
63.92904054825813
63.33072122052704
62.1891874180865
61.08770226957164
62.32060270247208
63.067129570099866
63.27861471861472
64.42626139817628
65.02458072590738
64.40244480357728
64.40244480357728
66.18467258830819
67.24272687798523
66.09508019842366
66.09508019842366
67.02256608639587
65.78966565349543
63.40911854103343
62.93571428571428
64.38877551020408
65.19443321883207
63.682297296501986
63.906997485856074
64.11848263437093
63.15839633447881
61.48063492063492
60.858498998304825
63.10133977722807
63.49634671204083
63.29694417283247
62.85208319188901
62.85208319188901
62.65647879628462
62.65647879628462
63.93923327531575
64.33424021012851
63.29694417283247
62.01418969380133
63.29694417283246
63.69965910495917
63.69965910495917
62.827555399743275
64.37058945547082
64.57390184838917
64.36656346749226
62.62021701884636
63.03904054825813
64.3478640776699
64.14846153846153
63.131318681318675
62.67723704866561
63.49877551020408
63.69437990580847
62.436923076923065
