2022-12-14 18:29:33.593002 5 219.34458365478136 597.1517615176152 101.39772144296239 -inf
2022-12-14 18:30:33.579272 6 204.6442020335055 603.4486803519062 100.64378896107752 0.007435398657443909
2022-12-14 18:31:33.598752 7 189.55994493796845 610.5929487179487 99.1992269202675 0.014353215988009706
2022-12-14 18:32:33.584914 8 174.89701375953854 617.438596491228 98.444088626543 0.007612340510792996
2022-12-14 18:33:33.570354 9 159.6535908830652 622.2674418604652 97.65023447404904 0.008064010379592468
2022-12-14 18:34:33.589836 10 144.9157592845347 615.5677966101695 98.42756493089148 -0.007960354227813082
2022-12-14 18:35:33.577010 11 130.37454056837046 617.5377358490566 98.20947051381052 0.00221578596640171
2022-12-14 18:36:33.596665 12 114.98132722899808 622.1891891891892 97.49853773017487 0.007238943249731377
2022-12-14 18:37:33.582309 13 100.24349527555438 620.0802469135803 97.67851763214473 -0.0018459753977844138
2022-12-14 18:38:33.568767 14 85.28096724397469 620.2589928057554 98.96924985538219 -0.01321408488300699
2022-12-14 18:39:33.588417 15 70.5618631355075 625.6106194690266 96.71709325657358 0.022756124777135848
2022-12-14 18:40:33.574490 16 55.50573185966726 662.1529411764706 93.82509781924175 0.02990159588088395
2022-12-14 18:41:33.594118 17 41.142366623921184 661.516129032258 91.49696752610038 0.02481351309248425
2022-12-14 18:42:33.580102 18 26.12371800984272 651.175 95.2482639089163 -0.04099913346030654
2022-12-14 18:43:33.599977 19 11.395312019396046 604.3333333333334 100.05612635947169 -0.05047716623111406
2022-12-14 18:50:06.744715 5 219.4943900038007 671.4984802431611 90.93642613880554 -inf
2022-12-14 18:51:06.730959 6 204.16669577447138 679.2450331125827 89.2941855738839 0.0180592160331321
2022-12-14 18:52:06.718054 7 189.61612102287236 686.6281588447654 88.2465635896058 0.011732253086190818
2022-12-14 18:53:06.737416 8 174.75657183200144 697.6706349206349 87.87398877924946 0.004221975283808382
2022-12-14 18:54:06.723636 9 159.49442415511467 698.0 87.32590432044236 0.0062371637662193054
2022-12-14 18:55:06.743276 10 144.73786812117984 700.3125 87.0601043714349 0.0030437697848751267
2022-12-14 18:56:06.729199 11 129.83150837067097 717.5 85.15211551493528 0.021915765783594145
2022-12-14 18:57:06.749139 12 114.8128015478547 744.3333333333334 82.84704641943993 0.027070015601562393
2022-12-14 18:58:06.735254 13 100.21540799752817 738.8308823529412 81.91556492116165 0.011243388129521983
2022-12-14 18:59:06.721471 14 85.27160496850603 764.9017857142857 81.22971106325367 0.008372692766851592
2022-12-14 19:00:06.740702 15 70.82400087834871 747.2315789473685 82.41255209955442 -0.014561679720609419
2022-12-14 19:01:06.727255 16 55.627434425728254 749.7837837837837 80.7815993033996 0.01979010180614991
2022-12-14 19:02:06.746930 17 40.5338902119633 745.2777777777778 83.68957811937354 -0.035998034713971734
2022-12-14 19:03:06.733163 18 26.29219773903554 786.8181818181819 77.01940310917547 0.07970138170231697
2022-12-14 19:04:06.718957 19 10.7684552904511 921.4545454545455 77.60729654431094 -0.007633056235220722
