2022-12-01 18:26:07.973045 5 [83.28142062092135, 49.65222808748373, 50.34777191251627, 0.9861852114083397, 76.62439024390244, 722.3487804878049]
2022-12-01 18:27:07.981007 6 [82.36111961863345, 41.776285432493694, 58.2237145675063, 0.7175132288074308, 77.5036855036855, 730.6584766584766]
2022-12-01 18:28:07.983057 7 [82.10551860368693, 46.72293490024152, 53.27706509975848, 0.8769802693289374, 77.93580246913581, 734.7580246913581]
2022-12-01 18:29:07.973335 8 [82.49297667218688, 53.40046034532031, 46.599539654679695, 1.145943945820882, 78.00738916256158, 735.4187192118227]
2022-12-01 18:30:07.972966 9 [82.27342875333353, 46.78319206140592, 53.21680793859409, 0.8791055659593149, 78.63523573200993, 741.3399503722085]
2022-12-01 18:31:07.975445 10 [81.96052659708403, 36.50828800540544, 63.49171199459456, 0.5750087193823599, 79.23940149625935, 747.0423940149626]
2022-12-01 18:32:07.973873 11 [82.26451020471727, 38.4595639984277, 61.5404360015723, 0.6249478635062821, 79.53, 749.785]
2022-12-01 18:33:07.973384 12 [81.33736714289746, 38.11436598384722, 61.88563401615277, 0.6158839056880147, 80.61518987341772, 760.032911392405]
2022-12-01 18:34:07.976114 13 [80.16081030266359, 34.198516397383635, 65.80148360261636, 0.519722573489572, 81.87146529562982, 771.8971722365038]
2022-12-01 18:35:07.974788 14 [79.13925464149551, 36.13645805847335, 63.86354194152665, 0.5658386140179921, 82.57881136950904, 778.5503875968992]
2022-12-01 18:36:07.977584 15 [79.61583337024484, 42.225548288260136, 57.77445171173987, 0.7308688708798223, 82.29820051413881, 775.8843187660668]
2022-12-01 18:37:07.976456 16 [80.72789098245606, 41.07048889249983, 58.92951110750017, 0.6969426374092664, 81.8188775510204, 771.359693877551]
2022-12-01 18:38:07.979531 17 [80.02089828643706, 45.51440574286261, 54.48559425713741, 0.8353475145753851, 82.15089514066496, 774.4910485933503]
2022-12-01 18:39:07.978173 18 [79.11166846832946, 44.13719139129978, 55.86280860870022, 0.7900997549275697, 82.69922879177378, 779.6760925449871]
2022-12-01 18:40:07.976945 19 [79.56524644392985, 41.75755197861389, 58.2424480213861, 0.7169607974458918, 82.42966751918159, 777.1636828644502]
2022-12-01 18:41:07.979260 20 [78.54423681465126, 41.34227196812278, 58.65772803187721, 0.7048052039392927, 83.13144329896907, 783.8015463917526]
2022-12-01 18:42:07.979215 21 [78.68852799020905, 40.91473461981875, 59.08526538018126, 0.6924693382784166, 82.59183673469387, 778.7066326530612]
2022-12-01 18:43:07.973177 22 [81.51533225256165, 44.7768371107507, 55.2231628892493, 0.8108343450111898, 81.15538847117794, 765.1503759398496]
2022-12-01 18:44:07.980196 23 [81.6281068805092, 40.117072607403635, 59.882927392596365, 0.6699250413125848, 80.85037406483791, 762.2443890274315]
2022-12-01 18:45:07.982288 24 [81.70755393908597, 44.387681433517805, 55.61231856648221, 0.7981627556213859, 80.58312655086849, 759.7146401985111]
2022-12-01 18:46:07.973509 25 [82.45552283282217, 42.013394856201174, 57.986605143798826, 0.7245362054221611, 79.74019607843137, 751.7524509803922]
2022-12-01 18:47:07.972640 26 [81.48328010957191, 60.98066475973758, 39.01933524026243, 1.5628319750771706, 80.29064039408867, 756.9581280788177]
2022-12-01 18:48:07.975060 27 [78.69849314653408, 64.73649908778818, 35.26350091221183, 1.835793310736478, 81.6625, 769.9125]
2022-12-01 18:49:07.973894 28 [78.4258052442745, 65.41294169218611, 34.5870583078139, 1.8912548476956776, 81.93984962406014, 772.546365914787]
2022-12-01 18:50:07.976813 29 [78.22564968465765, 66.80187528405138, 33.19812471594862, 2.0122183362953407, 82.12280701754386, 774.2781954887218]
2022-12-01 18:51:07.976032 30 [78.11560002714863, 66.2303914860878, 33.769608513912196, 1.9612425017838928, 82.53266331658291, 778.1582914572864]
2022-12-01 18:52:08.008985 31 [77.17215599508522, 50.721235651111144, 49.27876434888887, 1.029271661359236, 83.12658227848101, 783.7493670886076]
2022-12-01 18:53:07.977090 32 [76.74338458120384, 51.444709554544986, 48.555290445455014, 1.0595078122812553, 83.63613231552164, 788.5368956743002]
2022-12-01 18:54:07.975736 33 [76.43432575556443, 46.699328895694904, 53.30067110430509, 0.8761489851470745, 84.0204081632653, 792.170918367347]
2022-12-01 18:55:07.978978 34 [80.3284015440404, 55.54833940132424, 44.451660598675765, 1.2496347414966777, 81.94044665012407, 772.5334987593052]
2022-12-01 18:56:07.977717 35 [80.62724014588896, 48.31721061696769, 51.682789383032315, 0.9348800866547355, 81.62716049382716, 769.5654320987654]
2022-12-01 18:57:07.980373 36 [82.19370272350707, 57.938688129967154, 42.061311870032846, 1.3774817178549859, 80.661800486618, 760.4671532846716]
2022-12-01 18:58:07.978829 37 [81.55279701320573, 52.68559388236143, 47.31440611763857, 1.113521191650771, 81.07560975609756, 764.380487804878]
2022-12-01 18:59:07.981303 38 [81.1518295161981, 54.03216487736193, 45.96783512263808, 1.1754341863872628, 81.2958435207824, 766.442542787286]
2022-12-01 19:00:07.980326 39 [77.9541801048403, 52.21185116523584, 47.78814883476415, 1.0925690247129558, 83.165, 784.0875]
